x=1:100:73001;y1=1:100:73001;y2=1:100:73001;y3=1:100:73001;y4=1:100:73001;
y1(1) = 0.001400; y2(1) = 0.000500; y3(1) = 0.447222; y4(1) = 0.351800;
y1(2) = 0.017200; y2(2) = 0.007200; y3(2) = 0.390778; y4(2) = 0.353800;
y1(3) = 0.054000; y2(3) = 0.014100; y3(3) = 0.394889; y4(3) = 0.353600;
y1(4) = 0.112500; y2(4) = 0.021300; y3(4) = 0.396556; y4(4) = 0.355200;
y1(5) = 0.191300; y2(5) = 0.030000; y3(5) = 0.398000; y4(5) = 0.379900;
y1(6) = 0.289200; y2(6) = 0.037900; y3(6) = 0.398000; y4(6) = 0.355800;
y1(7) = 0.408600; y2(7) = 0.046900; y3(7) = 0.397778; y4(7) = 0.354800;
y1(8) = 0.547200; y2(8) = 0.055100; y3(8) = 0.400333; y4(8) = 0.355200;
y1(9) = 0.706600; y2(9) = 0.064600; y3(9) = 0.398222; y4(9) = 0.355200;
y1(10) = 0.888900; y2(10) = 0.072900; y3(10) = 0.427778; y4(10) = 0.355000;
y1(11) = 1.089700; y2(11) = 0.082500; y3(11) = 0.397000; y4(11) = 0.354400;
y1(12) = 1.204500; y2(12) = 0.092600; y3(12) = 0.453778; y4(12) = 0.382700;
y1(13) = 1.255600; y2(13) = 0.101000; y3(13) = 0.430000; y4(13) = 0.382900;
y1(14) = 1.328400; y2(14) = 0.111000; y3(14) = 0.455556; y4(14) = 0.382100;
y1(15) = 1.414900; y2(15) = 0.120700; y3(15) = 0.428444; y4(15) = 0.381700;
y1(16) = 1.522400; y2(16) = 0.128800; y3(16) = 0.425889; y4(16) = 0.406200;
y1(17) = 1.651200; y2(17) = 0.139100; y3(17) = 0.429333; y4(17) = 0.383100;
y1(18) = 1.798700; y2(18) = 0.151000; y3(18) = 0.429000; y4(18) = 0.381200;
y1(19) = 1.961200; y2(19) = 0.158700; y3(19) = 0.452556; y4(19) = 0.383400;
y1(20) = 2.146600; y2(20) = 0.169500; y3(20) = 0.428556; y4(20) = 0.382300;
y1(21) = 2.350800; y2(21) = 0.179400; y3(21) = 0.452778; y4(21) = 0.384500;
y1(22) = 2.535400; y2(22) = 0.188700; y3(22) = 0.483889; y4(22) = 0.410300;
y1(23) = 2.599000; y2(23) = 0.199600; y3(23) = 0.457444; y4(23) = 0.410800;
y1(24) = 2.669000; y2(24) = 0.210800; y3(24) = 0.484667; y4(24) = 0.411200;
y1(25) = 2.753900; y2(25) = 0.219900; y3(25) = 0.454000; y4(25) = 0.435600;
y1(26) = 2.790500; y2(26) = 0.222000; y3(26) = 0.475889; y4(26) = 0.406700;
y1(27) = 2.812900; y2(27) = 0.221200; y3(27) = 0.456000; y4(27) = 0.391800;
y1(28) = 2.933800; y2(28) = 0.233300; y3(28) = 0.428111; y4(28) = 0.410200;
y1(29) = 3.087900; y2(29) = 0.244500; y3(29) = 0.458556; y4(29) = 0.381100;
y1(30) = 3.262700; y2(30) = 0.247200; y3(30) = 0.460556; y4(30) = 0.377900;
y1(31) = 3.454100; y2(31) = 0.261300; y3(31) = 0.457778; y4(31) = 0.386100;
y1(32) = 3.633000; y2(32) = 0.270500; y3(32) = 0.435222; y4(32) = 0.410900;
y1(33) = 3.691500; y2(33) = 0.282500; y3(33) = 0.467222; y4(33) = 0.385800;
y1(34) = 3.761400; y2(34) = 0.297600; y3(34) = 0.467111; y4(34) = 0.387000;
y1(35) = 3.846000; y2(35) = 0.303300; y3(35) = 0.435889; y4(35) = 0.413200;
y1(36) = 3.945200; y2(36) = 0.307000; y3(36) = 0.428667; y4(36) = 0.395600;
y1(37) = 4.064700; y2(37) = 0.323500; y3(37) = 0.467778; y4(37) = 0.389900;
y1(38) = 4.199000; y2(38) = 0.325500; y3(38) = 0.463556; y4(38) = 0.387300;
y1(39) = 4.365800; y2(39) = 0.353600; y3(39) = 0.447000; y4(39) = 0.407000;
y1(40) = 4.544800; y2(40) = 0.358000; y3(40) = 0.474111; y4(40) = 0.381800;
y1(41) = 4.738700; y2(41) = 0.363700; y3(41) = 0.478667; y4(41) = 0.382300;
y1(42) = 5.002500; y2(42) = 0.367500; y3(42) = 0.539222; y4(42) = 0.416600;
y1(43) = 5.121900; y2(43) = 0.454700; y3(43) = 0.528333; y4(43) = 0.440100;
y1(44) = 5.179400; y2(44) = 0.387500; y3(44) = 0.515333; y4(44) = 0.442100;
y1(45) = 5.261500; y2(45) = 0.395200; y3(45) = 0.513000; y4(45) = 0.416200;
y1(46) = 5.356101; y2(46) = 0.406500; y3(46) = 0.512778; y4(46) = 0.440400;
y1(47) = 5.471000; y2(47) = 0.417900; y3(47) = 0.540889; y4(47) = 0.418000;
y1(48) = 5.592599; y2(48) = 0.427100; y3(48) = 0.483222; y4(48) = 0.440600;
y1(49) = 5.739700; y2(49) = 0.444700; y3(49) = 0.537111; y4(49) = 0.414500;
y1(50) = 5.903300; y2(50) = 0.446400; y3(50) = 0.512889; y4(50) = 0.441100;
y1(51) = 6.094000; y2(51) = 0.459700; y3(51) = 0.513444; y4(51) = 0.441100;
y1(52) = 6.296600; y2(52) = 0.466100; y3(52) = 0.514000; y4(52) = 0.440400;
y1(53) = 6.415300; y2(53) = 0.480300; y3(53) = 0.511889; y4(53) = 0.441200;
y1(54) = 6.480700; y2(54) = 0.494800; y3(54) = 0.545222; y4(54) = 0.420400;
y1(55) = 6.563600; y2(55) = 0.501600; y3(55) = 0.514333; y4(55) = 0.442200;
y1(56) = 6.656800; y2(56) = 0.519300; y3(56) = 0.542556; y4(56) = 0.427600;
y1(57) = 6.771500; y2(57) = 0.520900; y3(57) = 0.512889; y4(57) = 0.443500;
y1(58) = 6.903600; y2(58) = 0.528600; y3(58) = 0.543889; y4(58) = 0.420400;
y1(59) = 7.049300; y2(59) = 0.539200; y3(59) = 0.516556; y4(59) = 0.443200;
y1(60) = 7.216700; y2(60) = 0.551900; y3(60) = 0.513889; y4(60) = 0.442100;
y1(61) = 7.406199; y2(61) = 0.563500; y3(61) = 0.513889; y4(61) = 0.419200;
y1(62) = 7.605700; y2(62) = 0.569500; y3(62) = 0.515222; y4(62) = 0.443800;
y1(63) = 7.789200; y2(63) = 0.582800; y3(63) = 0.542000; y4(63) = 0.420900;
y1(64) = 7.862901; y2(64) = 0.594200; y3(64) = 0.486111; y4(64) = 0.443500;
y1(65) = 7.935300; y2(65) = 0.603100; y3(65) = 0.546222; y4(65) = 0.422100;
y1(66) = 8.040700; y2(66) = 0.614500; y3(66) = 0.512000; y4(66) = 0.446800;
y1(67) = 8.141400; y2(67) = 0.634400; y3(67) = 0.517444; y4(67) = 0.444600;
y1(68) = 8.273600; y2(68) = 0.635100; y3(68) = 0.517111; y4(68) = 0.443700;
y1(69) = 8.414000; y2(69) = 0.644700; y3(69) = 0.516889; y4(69) = 0.446000;
y1(70) = 8.583700; y2(70) = 0.656000; y3(70) = 0.546667; y4(70) = 0.422500;
y1(71) = 8.759299; y2(71) = 0.670200; y3(71) = 0.515333; y4(71) = 0.446500;
y1(72) = 8.967600; y2(72) = 0.676000; y3(72) = 0.547778; y4(72) = 0.423600;
y1(73) = 9.149899; y2(73) = 0.687100; y3(73) = 0.526778; y4(73) = 0.455700;
y1(74) = 9.215100; y2(74) = 0.695500; y3(74) = 0.550444; y4(74) = 0.421600;
y1(75) = 9.307200; y2(75) = 0.710500; y3(75) = 0.519333; y4(75) = 0.447700;
y1(76) = 9.389000; y2(76) = 0.721500; y3(76) = 0.518000; y4(76) = 0.452300;
y1(77) = 9.499101; y2(77) = 0.727300; y3(77) = 0.520667; y4(77) = 0.425700;
y1(78) = 9.628099; y2(78) = 0.735500; y3(78) = 0.519111; y4(78) = 0.446500;
y1(79) = 9.771100; y2(79) = 0.748600; y3(79) = 0.550000; y4(79) = 0.424100;
y1(80) = 9.944800; y2(80) = 0.766600; y3(80) = 0.492556; y4(80) = 0.446700;
y1(81) = 10.116500; y2(81) = 0.773400; y3(81) = 0.549333; y4(81) = 0.423900;
y1(82) = 10.303599; y2(82) = 0.787400; y3(82) = 0.524778; y4(82) = 0.448800;
y1(83) = 10.615199; y2(83) = 0.797300; y3(83) = 0.575556; y4(83) = 0.517200;
y1(84) = 10.747400; y2(84) = 0.806900; y3(84) = 0.602778; y4(84) = 0.517300;
y1(85) = 10.843200; y2(85) = 0.814200; y3(85) = 0.609222; y4(85) = 0.517600;
y1(86) = 10.952500; y2(86) = 0.821200; y3(86) = 0.584778; y4(86) = 0.543900;
y1(87) = 11.039301; y2(87) = 0.837500; y3(87) = 0.585111; y4(87) = 0.542000;
y1(88) = 11.157599; y2(88) = 0.846200; y3(88) = 0.583667; y4(88) = 0.518400;
y1(89) = 11.298100; y2(89) = 0.855200; y3(89) = 0.582000; y4(89) = 0.540900;
y1(90) = 11.451700; y2(90) = 0.868300; y3(90) = 0.583889; y4(90) = 0.544100;
y1(91) = 11.617300; y2(91) = 0.876100; y3(91) = 0.575222; y4(91) = 0.520800;
y1(92) = 11.809099; y2(92) = 0.885200; y3(92) = 0.603778; y4(92) = 0.521700;
y1(93) = 12.016500; y2(93) = 0.899100; y3(93) = 0.604222; y4(93) = 0.523300;
y1(94) = 12.117699; y2(94) = 0.914600; y3(94) = 0.576889; y4(94) = 0.545200;
y1(95) = 12.207099; y2(95) = 0.919600; y3(95) = 0.582000; y4(95) = 0.546300;
y1(96) = 12.272501; y2(96) = 0.931200; y3(96) = 0.580222; y4(96) = 0.522300;
y1(97) = 12.370901; y2(97) = 0.946200; y3(97) = 0.579889; y4(97) = 0.546700;
y1(98) = 12.488200; y2(98) = 0.955200; y3(98) = 0.577667; y4(98) = 0.546700;
y1(99) = 12.624500; y2(99) = 0.970200; y3(99) = 0.580444; y4(99) = 0.524800;
y1(100) = 12.774800; y2(100) = 0.974500; y3(100) = 0.611778; y4(100) = 0.524200;
y1(101) = 12.943700; y2(101) = 0.988600; y3(101) = 0.607778; y4(101) = 0.523500;
y1(102) = 13.153101; y2(102) = 1.001400; y3(102) = 0.582222; y4(102) = 0.548600;
y1(103) = 13.353299; y2(103) = 1.017100; y3(103) = 0.584000; y4(103) = 0.549700;
y1(104) = 13.551999; y2(104) = 1.018800; y3(104) = 0.588889; y4(104) = 0.526900;
