x=1:100:21501;y1=1:100:21501;y2=1:100:21501;y3=1:100:21501;y4=1:100:21501;
y1(1) = 0.002100; y2(1) = 0.000600; y3(1) = 0.459777; y4(1) = 0.423900;
y1(2) = 0.021200; y2(2) = 0.008400; y3(2) = 0.459667; y4(2) = 0.413800;
y1(3) = 0.062000; y2(3) = 0.016200; y3(3) = 0.448889; y4(3) = 0.399700;
y1(4) = 0.123600; y2(4) = 0.025400; y3(4) = 0.432556; y4(4) = 0.385000;
y1(5) = 0.200600; y2(5) = 0.031700; y3(5) = 0.417667; y4(5) = 0.398100;
y1(6) = 0.292400; y2(6) = 0.039000; y3(6) = 0.401111; y4(6) = 0.358300;
y1(7) = 0.408000; y2(7) = 0.046600; y3(7) = 0.396778; y4(7) = 0.354600;
y1(8) = 0.547700; y2(8) = 0.056000; y3(8) = 0.398444; y4(8) = 0.354900;
y1(9) = 0.706800; y2(9) = 0.065700; y3(9) = 0.400333; y4(9) = 0.352400;
y1(10) = 0.888800; y2(10) = 0.073200; y3(10) = 0.424222; y4(10) = 0.353300;
y1(11) = 1.089900; y2(11) = 0.082800; y3(11) = 0.396222; y4(11) = 0.354700;
y1(12) = 1.206600; y2(12) = 0.092800; y3(12) = 0.453222; y4(12) = 0.380100;
y1(13) = 1.256100; y2(13) = 0.101500; y3(13) = 0.426333; y4(13) = 0.380200;
y1(14) = 1.328800; y2(14) = 0.111200; y3(14) = 0.453667; y4(14) = 0.380700;
y1(15) = 1.415900; y2(15) = 0.121100; y3(15) = 0.424222; y4(15) = 0.377800;
y1(16) = 1.524700; y2(16) = 0.129600; y3(16) = 0.424333; y4(16) = 0.401700;
y1(17) = 1.651900; y2(17) = 0.139900; y3(17) = 0.424778; y4(17) = 0.379200;
y1(18) = 1.797200; y2(18) = 0.150100; y3(18) = 0.423556; y4(18) = 0.380500;
y1(19) = 1.963400; y2(19) = 0.160800; y3(19) = 0.452000; y4(19) = 0.379700;
y1(20) = 2.148900; y2(20) = 0.170200; y3(20) = 0.425111; y4(20) = 0.380200;
y1(21) = 2.351200; y2(21) = 0.178800; y3(21) = 0.452444; y4(21) = 0.377300;
y1(22) = 3.457900; y2(22) = 0.255700; y3(22) = 0.615889; y4(22) = 0.549400;
y1(23) = 5.151200; y2(23) = 0.386700; y3(23) = 0.745111; y4(23) = 0.657900;
y1(24) = 3.745000; y2(24) = 0.294400; y3(24) = 0.629556; y4(24) = 0.523300;
y1(25) = 3.150600; y2(25) = 0.248000; y3(25) = 0.503556; y4(25) = 0.479900;
y1(26) = 2.892600; y2(26) = 0.234200; y3(26) = 0.485556; y4(26) = 0.413000;
y1(27) = 2.995000; y2(27) = 0.240700; y3(27) = 0.483667; y4(27) = 0.408600;
y1(28) = 3.138100; y2(28) = 0.251600; y3(28) = 0.458889; y4(28) = 0.435400;
y1(29) = 3.305300; y2(29) = 0.261500; y3(29) = 0.482778; y4(29) = 0.409600;
y1(30) = 3.489100; y2(30) = 0.272200; y3(30) = 0.482667; y4(30) = 0.411600;
y1(31) = 3.700600; y2(31) = 0.282200; y3(31) = 0.482333; y4(31) = 0.410700;
y1(32) = 3.901400; y2(32) = 0.293200; y3(32) = 0.454667; y4(32) = 0.437200;
y1(33) = 3.964300; y2(33) = 0.303400; y3(33) = 0.482444; y4(33) = 0.409300;
y1(34) = 4.037300; y2(34) = 0.312900; y3(34) = 0.482556; y4(34) = 0.408600;
y1(35) = 4.130000; y2(35) = 0.325100; y3(35) = 0.457667; y4(35) = 0.435400;
y1(36) = 4.239200; y2(36) = 0.335200; y3(36) = 0.459333; y4(36) = 0.411900;
y1(37) = 4.366700; y2(37) = 0.347200; y3(37) = 0.486000; y4(37) = 0.412900;
y1(38) = 4.514100; y2(38) = 0.356800; y3(38) = 0.484444; y4(38) = 0.410300;
y1(39) = 4.472500; y2(39) = 0.358000; y3(39) = 0.454889; y4(39) = 0.416100;
y1(40) = 4.550900; y2(40) = 0.361700; y3(40) = 0.474222; y4(40) = 0.383600;
y1(41) = 4.745400; y2(41) = 0.369500; y3(41) = 0.471556; y4(41) = 0.380100;
y1(42) = 5.005300; y2(42) = 0.369400; y3(42) = 0.537667; y4(42) = 0.415100;
y1(43) = 5.111800; y2(43) = 0.378100; y3(43) = 0.510444; y4(43) = 0.439100;
y1(44) = 5.187800; y2(44) = 0.389100; y3(44) = 0.510000; y4(44) = 0.438300;
y1(45) = 5.261000; y2(45) = 0.396900; y3(45) = 0.510778; y4(45) = 0.416600;
y1(46) = 5.371000; y2(46) = 0.408600; y3(46) = 0.509889; y4(46) = 0.438600;
y1(47) = 5.470500; y2(47) = 0.418900; y3(47) = 0.538556; y4(47) = 0.418200;
y1(48) = 5.596000; y2(48) = 0.427900; y3(48) = 0.486444; y4(48) = 0.440000;
y1(49) = 5.741700; y2(49) = 0.437800; y3(49) = 0.543000; y4(49) = 0.418200;
y1(50) = 5.907400; y2(50) = 0.447300; y3(50) = 0.512111; y4(50) = 0.440500;
y1(51) = 6.103300; y2(51) = 0.458100; y3(51) = 0.510889; y4(51) = 0.440800;
y1(52) = 6.299900; y2(52) = 0.473000; y3(52) = 0.511222; y4(52) = 0.440300;
y1(53) = 6.417399; y2(53) = 0.480100; y3(53) = 0.511333; y4(53) = 0.441100;
y1(54) = 6.490400; y2(54) = 0.490100; y3(54) = 0.532889; y4(54) = 0.418600;
y1(55) = 6.567800; y2(55) = 0.500100; y3(55) = 0.512444; y4(55) = 0.440500;
y1(56) = 6.662000; y2(56) = 0.509000; y3(56) = 0.542444; y4(56) = 0.417600;
y1(57) = 6.780000; y2(57) = 0.520000; y3(57) = 0.513556; y4(57) = 0.442900;
y1(58) = 6.914701; y2(58) = 0.536000; y3(58) = 0.541222; y4(58) = 0.420600;
y1(59) = 7.054999; y2(59) = 0.540500; y3(59) = 0.512111; y4(59) = 0.441300;
y1(60) = 7.221700; y2(60) = 0.548900; y3(60) = 0.516000; y4(60) = 0.443800;
y1(61) = 7.410000; y2(61) = 0.563200; y3(61) = 0.512444; y4(61) = 0.423100;
y1(62) = 7.620500; y2(62) = 0.571400; y3(62) = 0.514667; y4(62) = 0.445000;
y1(63) = 7.793400; y2(63) = 0.581800; y3(63) = 0.545111; y4(63) = 0.421900;
y1(64) = 7.879001; y2(64) = 0.592800; y3(64) = 0.487556; y4(64) = 0.442600;
y1(65) = 7.943100; y2(65) = 0.602500; y3(65) = 0.540889; y4(65) = 0.419900;
y1(66) = 8.028601; y2(66) = 0.614700; y3(66) = 0.515556; y4(66) = 0.445400;
y1(67) = 8.144000; y2(67) = 0.623800; y3(67) = 0.516222; y4(67) = 0.445200;
y1(68) = 8.298600; y2(68) = 0.632900; y3(68) = 0.517333; y4(68) = 0.444200;
y1(69) = 8.419700; y2(69) = 0.645900; y3(69) = 0.516000; y4(69) = 0.446100;
y1(70) = 8.586300; y2(70) = 0.655100; y3(70) = 0.545222; y4(70) = 0.423300;
y1(71) = 8.773100; y2(71) = 0.667300; y3(71) = 0.516778; y4(71) = 0.443900;
y1(72) = 8.971001; y2(72) = 0.675400; y3(72) = 0.544000; y4(72) = 0.419800;
y1(73) = 9.158901; y2(73) = 0.687100; y3(73) = 0.526889; y4(73) = 0.453600;
y1(74) = 9.227600; y2(74) = 0.696500; y3(74) = 0.548778; y4(74) = 0.423500;
y1(75) = 9.299200; y2(75) = 0.708900; y3(75) = 0.516000; y4(75) = 0.447500;
y1(76) = 9.399800; y2(76) = 0.721300; y3(76) = 0.516889; y4(76) = 0.449000;
y1(77) = 9.511100; y2(77) = 0.729500; y3(77) = 0.516556; y4(77) = 0.425300;
y1(78) = 9.635599; y2(78) = 0.737100; y3(78) = 0.518556; y4(78) = 0.445300;
y1(79) = 9.773200; y2(79) = 0.751200; y3(79) = 0.547222; y4(79) = 0.423200;
y1(80) = 9.942299; y2(80) = 0.762300; y3(80) = 0.489778; y4(80) = 0.447200;
y1(81) = 10.120901; y2(81) = 0.771600; y3(81) = 0.549444; y4(81) = 0.424400;
y1(82) = 10.328100; y2(82) = 0.785700; y3(82) = 0.516000; y4(82) = 0.448000;
y1(83) = 10.611001; y2(83) = 0.792800; y3(83) = 0.573667; y4(83) = 0.516200;
y1(84) = 10.747701; y2(84) = 0.804700; y3(84) = 0.603111; y4(84) = 0.514700;
y1(85) = 10.846400; y2(85) = 0.813900; y3(85) = 0.606444; y4(85) = 0.517800;
y1(86) = 10.941800; y2(86) = 0.823800; y3(86) = 0.574444; y4(86) = 0.540400;
y1(87) = 11.048901; y2(87) = 0.843600; y3(87) = 0.572333; y4(87) = 0.540900;
y1(88) = 11.168000; y2(88) = 0.846400; y3(88) = 0.572778; y4(88) = 0.517800;
y1(89) = 11.305700; y2(89) = 0.855100; y3(89) = 0.576889; y4(89) = 0.541200;
y1(90) = 11.447500; y2(90) = 0.867800; y3(90) = 0.573778; y4(90) = 0.541600;
y1(91) = 11.639700; y2(91) = 0.876300; y3(91) = 0.576555; y4(91) = 0.519600;
y1(92) = 11.815100; y2(92) = 0.888000; y3(92) = 0.606667; y4(92) = 0.519100;
y1(93) = 12.026999; y2(93) = 0.902300; y3(93) = 0.605000; y4(93) = 0.522800;
y1(94) = 12.122900; y2(94) = 0.911700; y3(94) = 0.572889; y4(94) = 0.546500;
y1(95) = 12.208700; y2(95) = 0.923700; y3(95) = 0.577333; y4(95) = 0.544400;
y1(96) = 12.291101; y2(96) = 0.932300; y3(96) = 0.573444; y4(96) = 0.520900;
y1(97) = 12.379000; y2(97) = 0.943600; y3(97) = 0.581000; y4(97) = 0.544700;
y1(98) = 12.492899; y2(98) = 0.957800; y3(98) = 0.578000; y4(98) = 0.547300;
y1(99) = 12.627200; y2(99) = 0.965300; y3(99) = 0.578778; y4(99) = 0.524600;
y1(100) = 12.779699; y2(100) = 0.982400; y3(100) = 0.612333; y4(100) = 0.527600;
y1(101) = 12.954600; y2(101) = 0.989100; y3(101) = 0.606889; y4(101) = 0.522500;
y1(102) = 13.157801; y2(102) = 0.999100; y3(102) = 0.582222; y4(102) = 0.549700;
y1(103) = 13.363899; y2(103) = 1.009800; y3(103) = 0.588333; y4(103) = 0.551600;
y1(104) = 13.546000; y2(104) = 1.022500; y3(104) = 0.588778; y4(104) = 0.525400;
