x=1:100:21501;y1=1:100:21501;y2=1:100:21501;y3=1:100:21501;y4=1:100:21501;
y1(1) = 0.002000; y2(1) = 0.000700; y3(1) = 0.462667; y4(1) = 0.444100;
y1(2) = 0.020300; y2(2) = 0.008200; y3(2) = 0.458778; y4(2) = 0.408500;
y1(3) = 0.061100; y2(3) = 0.016000; y3(3) = 0.443667; y4(3) = 0.398800;
y1(4) = 0.122300; y2(4) = 0.024000; y3(4) = 0.428778; y4(4) = 0.383400;
y1(5) = 0.198500; y2(5) = 0.031100; y3(5) = 0.416778; y4(5) = 0.395600;
y1(6) = 0.289600; y2(6) = 0.038400; y3(6) = 0.401667; y4(6) = 0.356100;
y1(7) = 0.408100; y2(7) = 0.047100; y3(7) = 0.396778; y4(7) = 0.355100;
y1(8) = 0.548900; y2(8) = 0.055200; y3(8) = 0.397222; y4(8) = 0.356100;
y1(9) = 0.711000; y2(9) = 0.063900; y3(9) = 0.398222; y4(9) = 0.355100;
y1(10) = 0.887500; y2(10) = 0.072800; y3(10) = 0.425000; y4(10) = 0.356400;
y1(11) = 1.089700; y2(11) = 0.082800; y3(11) = 0.398444; y4(11) = 0.356000;
y1(12) = 1.204000; y2(12) = 0.093100; y3(12) = 0.453778; y4(12) = 0.382500;
y1(13) = 1.255600; y2(13) = 0.100800; y3(13) = 0.429000; y4(13) = 0.380800;
y1(14) = 1.327900; y2(14) = 0.111000; y3(14) = 0.454556; y4(14) = 0.381700;
y1(15) = 1.415300; y2(15) = 0.120600; y3(15) = 0.427778; y4(15) = 0.380400;
y1(16) = 1.523500; y2(16) = 0.129600; y3(16) = 0.426111; y4(16) = 0.405800;
y1(17) = 1.651300; y2(17) = 0.140400; y3(17) = 0.426000; y4(17) = 0.381200;
y1(18) = 1.797100; y2(18) = 0.150200; y3(18) = 0.426889; y4(18) = 0.381000;
y1(19) = 1.960900; y2(19) = 0.159300; y3(19) = 0.452000; y4(19) = 0.379400;
y1(20) = 2.146600; y2(20) = 0.168900; y3(20) = 0.426667; y4(20) = 0.381900;
y1(21) = 2.350900; y2(21) = 0.180000; y3(21) = 0.455667; y4(21) = 0.382600;
y1(22) = 2.536300; y2(22) = 0.189100; y3(22) = 0.481000; y4(22) = 0.408300;
y1(23) = 2.597300; y2(23) = 0.198700; y3(23) = 0.456000; y4(23) = 0.410200;
y1(24) = 2.669200; y2(24) = 0.210600; y3(24) = 0.483333; y4(24) = 0.409500;
y1(25) = 2.754700; y2(25) = 0.220700; y3(25) = 0.456222; y4(25) = 0.433600;
y1(26) = 2.863300; y2(26) = 0.228900; y3(26) = 0.482778; y4(26) = 0.411000;
y1(27) = 2.994900; y2(27) = 0.239200; y3(27) = 0.483333; y4(27) = 0.410100;
y1(28) = 3.137100; y2(28) = 0.250100; y3(28) = 0.459222; y4(28) = 0.434200;
y1(29) = 3.232200; y2(29) = 0.253100; y3(29) = 0.477556; y4(29) = 0.405400;
y1(30) = 3.265200; y2(30) = 0.249400; y3(30) = 0.463445; y4(30) = 0.394400;
y1(31) = 3.458200; y2(31) = 0.261100; y3(31) = 0.461778; y4(31) = 0.387000;
y1(32) = 3.633400; y2(32) = 0.268700; y3(32) = 0.435778; y4(32) = 0.409100;
y1(33) = 3.694400; y2(33) = 0.286100; y3(33) = 0.463333; y4(33) = 0.389600;
y1(34) = 3.761000; y2(34) = 0.295100; y3(34) = 0.460444; y4(34) = 0.387500;
y1(35) = 3.844500; y2(35) = 0.302700; y3(35) = 0.430889; y4(35) = 0.414800;
y1(36) = 3.943800; y2(36) = 0.306200; y3(36) = 0.428889; y4(36) = 0.393400;
y1(37) = 4.063800; y2(37) = 0.319100; y3(37) = 0.455778; y4(37) = 0.395300;
y1(38) = 4.198400; y2(38) = 0.342800; y3(38) = 0.476222; y4(38) = 0.382300;
y1(39) = 4.367500; y2(39) = 0.351500; y3(39) = 0.454333; y4(39) = 0.407700;
y1(40) = 4.541800; y2(40) = 0.357500; y3(40) = 0.477889; y4(40) = 0.381500;
y1(41) = 4.737500; y2(41) = 0.362100; y3(41) = 0.472556; y4(41) = 0.381800;
y1(42) = 5.001500; y2(42) = 0.368500; y3(42) = 0.539333; y4(42) = 0.415500;
y1(43) = 5.104900; y2(43) = 0.385200; y3(43) = 0.508333; y4(43) = 0.441800;
y1(44) = 5.182500; y2(44) = 0.388200; y3(44) = 0.513444; y4(44) = 0.440200;
y1(45) = 5.268900; y2(45) = 0.397300; y3(45) = 0.512444; y4(45) = 0.418000;
y1(46) = 5.356900; y2(46) = 0.407500; y3(46) = 0.512111; y4(46) = 0.442000;
y1(47) = 5.474800; y2(47) = 0.419700; y3(47) = 0.541889; y4(47) = 0.417500;
y1(48) = 5.618800; y2(48) = 0.429800; y3(48) = 0.484111; y4(48) = 0.441500;
y1(49) = 5.738600; y2(49) = 0.438800; y3(49) = 0.538444; y4(49) = 0.420300;
y1(50) = 5.901900; y2(50) = 0.448100; y3(50) = 0.513556; y4(50) = 0.442900;
y1(51) = 6.092600; y2(51) = 0.458400; y3(51) = 0.511667; y4(51) = 0.441200;
y1(52) = 6.295001; y2(52) = 0.468000; y3(52) = 0.513556; y4(52) = 0.441100;
y1(53) = 6.419200; y2(53) = 0.478400; y3(53) = 0.513111; y4(53) = 0.442600;
y1(54) = 6.479600; y2(54) = 0.489000; y3(54) = 0.542333; y4(54) = 0.419200;
y1(55) = 6.566100; y2(55) = 0.499400; y3(55) = 0.510556; y4(55) = 0.443200;
y1(56) = 6.666200; y2(56) = 0.515500; y3(56) = 0.632778; y4(56) = 0.422000;
y1(57) = 6.775800; y2(57) = 0.523600; y3(57) = 0.514111; y4(57) = 0.442700;
y1(58) = 6.902200; y2(58) = 0.530000; y3(58) = 0.541000; y4(58) = 0.420000;
y1(59) = 7.049001; y2(59) = 0.541400; y3(59) = 0.513778; y4(59) = 0.440800;
y1(60) = 7.219101; y2(60) = 0.551500; y3(60) = 0.516667; y4(60) = 0.444400;
y1(61) = 7.405999; y2(61) = 0.561500; y3(61) = 0.513333; y4(61) = 0.421500;
y1(62) = 7.609300; y2(62) = 0.568900; y3(62) = 0.514000; y4(62) = 0.442000;
y1(63) = 7.788899; y2(63) = 0.582800; y3(63) = 0.544444; y4(63) = 0.424900;
y1(64) = 7.855299; y2(64) = 0.595100; y3(64) = 0.487222; y4(64) = 0.444400;
y1(65) = 7.950999; y2(65) = 0.601700; y3(65) = 0.541111; y4(65) = 0.421000;
y1(66) = 8.024099; y2(66) = 0.616100; y3(66) = 0.516222; y4(66) = 0.445400;
y1(67) = 8.137500; y2(67) = 0.621300; y3(67) = 0.513333; y4(67) = 0.443600;
y1(68) = 8.278000; y2(68) = 0.634600; y3(68) = 0.518222; y4(68) = 0.445400;
y1(69) = 8.455500; y2(69) = 0.646900; y3(69) = 0.516222; y4(69) = 0.447600;
y1(70) = 8.577500; y2(70) = 0.653900; y3(70) = 0.544333; y4(70) = 0.423400;
y1(71) = 8.763400; y2(71) = 0.665600; y3(71) = 0.516667; y4(71) = 0.446800;
y1(72) = 8.955500; y2(72) = 0.675500; y3(72) = 0.544444; y4(72) = 0.423800;
y1(73) = 9.161900; y2(73) = 0.687200; y3(73) = 0.529000; y4(73) = 0.456800;
y1(74) = 9.218500; y2(74) = 0.696200; y3(74) = 0.547667; y4(74) = 0.424100;
y1(75) = 9.293401; y2(75) = 0.709500; y3(75) = 0.517000; y4(75) = 0.446200;
y1(76) = 9.387800; y2(76) = 0.719600; y3(76) = 0.518889; y4(76) = 0.449300;
y1(77) = 9.496901; y2(77) = 0.728900; y3(77) = 0.518333; y4(77) = 0.423800;
y1(78) = 9.632799; y2(78) = 0.737800; y3(78) = 0.520555; y4(78) = 0.448700;
y1(79) = 9.776700; y2(79) = 0.750000; y3(79) = 0.548556; y4(79) = 0.424900;
y1(80) = 9.936700; y2(80) = 0.757600; y3(80) = 0.492111; y4(80) = 0.448200;
y1(81) = 10.115900; y2(81) = 0.768400; y3(81) = 0.550778; y4(81) = 0.425200;
y1(82) = 10.305000; y2(82) = 0.785600; y3(82) = 0.520889; y4(82) = 0.450400;
y1(83) = 10.605000; y2(83) = 0.793200; y3(83) = 0.573222; y4(83) = 0.516800;
y1(84) = 10.741200; y2(84) = 0.804600; y3(84) = 0.598333; y4(84) = 0.517200;
y1(85) = 10.843800; y2(85) = 0.842400; y3(85) = 0.597000; y4(85) = 0.517200;
y1(86) = 10.937599; y2(86) = 0.824400; y3(86) = 0.584222; y4(86) = 0.543000;
y1(87) = 11.045900; y2(87) = 0.841600; y3(87) = 0.577667; y4(87) = 0.543000;
y1(88) = 11.167101; y2(88) = 0.845100; y3(88) = 0.572778; y4(88) = 0.518800;
y1(89) = 11.295701; y2(89) = 0.855200; y3(89) = 0.576667; y4(89) = 0.542400;
y1(90) = 11.443400; y2(90) = 0.867800; y3(90) = 0.575111; y4(90) = 0.542800;
y1(91) = 11.615000; y2(91) = 0.875100; y3(91) = 0.576889; y4(91) = 0.522400;
y1(92) = 11.810000; y2(92) = 0.885800; y3(92) = 0.610222; y4(92) = 0.522500;
y1(93) = 12.028400; y2(93) = 0.899400; y3(93) = 0.607000; y4(93) = 0.520800;
y1(94) = 12.126299; y2(94) = 0.909500; y3(94) = 0.577111; y4(94) = 0.546500;
y1(95) = 12.184999; y2(95) = 0.920700; y3(95) = 0.583222; y4(95) = 0.547000;
y1(96) = 12.282499; y2(96) = 0.933700; y3(96) = 0.577000; y4(96) = 0.523800;
y1(97) = 12.368500; y2(97) = 0.942300; y3(97) = 0.582667; y4(97) = 0.547200;
y1(98) = 12.488400; y2(98) = 0.957500; y3(98) = 0.586222; y4(98) = 0.546700;
y1(99) = 12.668600; y2(99) = 0.966600; y3(99) = 0.589778; y4(99) = 0.526000;
y1(100) = 12.775600; y2(100) = 0.975900; y3(100) = 0.617889; y4(100) = 0.525800;
y1(101) = 12.950699; y2(101) = 0.993700; y3(101) = 0.618444; y4(101) = 0.525800;
y1(102) = 13.159101; y2(102) = 0.996100; y3(102) = 0.586333; y4(102) = 0.549800;
y1(103) = 13.343500; y2(103) = 1.007500; y3(103) = 0.585222; y4(103) = 0.550500;
y1(104) = 13.529800; y2(104) = 1.021300; y3(104) = 0.595333; y4(104) = 0.526900;
