x=1:100:73001;y1=1:100:73001;y2=1:100:73001;y3=1:100:73001;y4=1:100:73001;
y1(1) = 0.002200; y2(1) = 0.000600; y3(1) = 0.467555; y4(1) = 0.425800;
y1(2) = 0.020700; y2(2) = 0.008800; y3(2) = 0.458000; y4(2) = 0.412400;
y1(3) = 0.064800; y2(3) = 0.016300; y3(3) = 0.443778; y4(3) = 0.402100;
y1(4) = 0.124300; y2(4) = 0.023500; y3(4) = 0.433667; y4(4) = 0.387200;
y1(5) = 0.201300; y2(5) = 0.031200; y3(5) = 0.413667; y4(5) = 0.396200;
y1(6) = 0.292000; y2(6) = 0.038800; y3(6) = 0.400778; y4(6) = 0.356500;
y1(7) = 0.408800; y2(7) = 0.046900; y3(7) = 0.396111; y4(7) = 0.354800;
y1(8) = 0.548000; y2(8) = 0.056500; y3(8) = 0.399222; y4(8) = 0.355100;
y1(9) = 0.708200; y2(9) = 0.065200; y3(9) = 0.396667; y4(9) = 0.358500;
y1(10) = 0.889700; y2(10) = 0.073200; y3(10) = 0.424444; y4(10) = 0.355200;
y1(11) = 1.091100; y2(11) = 0.083100; y3(11) = 0.397222; y4(11) = 0.354400;
y1(12) = 1.206700; y2(12) = 0.092200; y3(12) = 0.451556; y4(12) = 0.378800;
y1(13) = 1.258100; y2(13) = 0.102000; y3(13) = 0.425333; y4(13) = 0.382700;
y1(14) = 1.330600; y2(14) = 0.110700; y3(14) = 0.456667; y4(14) = 0.380900;
y1(15) = 1.417200; y2(15) = 0.120900; y3(15) = 0.426667; y4(15) = 0.382200;
y1(16) = 1.525400; y2(16) = 0.130700; y3(16) = 0.424333; y4(16) = 0.405200;
y1(17) = 1.652600; y2(17) = 0.139700; y3(17) = 0.425556; y4(17) = 0.379200;
y1(18) = 1.799000; y2(18) = 0.150000; y3(18) = 0.425667; y4(18) = 0.381100;
y1(19) = 1.964400; y2(19) = 0.159800; y3(19) = 0.451111; y4(19) = 0.381300;
y1(20) = 2.150300; y2(20) = 0.170600; y3(20) = 0.427444; y4(20) = 0.380800;
y1(21) = 2.356100; y2(21) = 0.179300; y3(21) = 0.450444; y4(21) = 0.382100;
y1(22) = 2.540400; y2(22) = 0.189400; y3(22) = 0.480556; y4(22) = 0.408600;
y1(23) = 2.602600; y2(23) = 0.199200; y3(23) = 0.454333; y4(23) = 0.408300;
y1(24) = 2.674300; y2(24) = 0.211000; y3(24) = 0.481556; y4(24) = 0.407900;
y1(25) = 2.759500; y2(25) = 0.220100; y3(25) = 0.454889; y4(25) = 0.434800;
y1(26) = 2.867300; y2(26) = 0.230600; y3(26) = 0.481222; y4(26) = 0.408300;
y1(27) = 2.996800; y2(27) = 0.240800; y3(27) = 0.483667; y4(27) = 0.408200;
y1(28) = 3.140900; y2(28) = 0.254100; y3(28) = 0.455889; y4(28) = 0.438200;
y1(29) = 3.308400; y2(29) = 0.261200; y3(29) = 0.483444; y4(29) = 0.409400;
y1(30) = 3.375700; y2(30) = 0.258800; y3(30) = 0.472444; y4(30) = 0.396300;
y1(31) = 3.461200; y2(31) = 0.263300; y3(31) = 0.461778; y4(31) = 0.383200;
y1(32) = 3.640100; y2(32) = 0.271700; y3(32) = 0.430000; y4(32) = 0.408300;
y1(33) = 3.706400; y2(33) = 0.281500; y3(33) = 0.464333; y4(33) = 0.386100;
y1(34) = 3.772300; y2(34) = 0.291300; y3(34) = 0.459333; y4(34) = 0.387000;
y1(35) = 3.855600; y2(35) = 0.302600; y3(35) = 0.430778; y4(35) = 0.409800;
y1(36) = 3.951200; y2(36) = 0.309100; y3(36) = 0.428444; y4(36) = 0.396700;
y1(37) = 4.071200; y2(37) = 0.319500; y3(37) = 0.457778; y4(37) = 0.394600;
y1(38) = 4.204400; y2(38) = 0.335800; y3(38) = 0.472444; y4(38) = 0.383200;
y1(39) = 4.377400; y2(39) = 0.355600; y3(39) = 0.441778; y4(39) = 0.404000;
y1(40) = 4.555300; y2(40) = 0.360400; y3(40) = 0.468333; y4(40) = 0.380700;
y1(41) = 4.749100; y2(41) = 0.362200; y3(41) = 0.474000; y4(41) = 0.381100;
y1(42) = 5.014100; y2(42) = 0.370100; y3(42) = 0.529333; y4(42) = 0.415200;
y1(43) = 5.114800; y2(43) = 0.380300; y3(43) = 0.508000; y4(43) = 0.442800;
y1(44) = 5.195800; y2(44) = 0.388900; y3(44) = 0.509556; y4(44) = 0.438300;
y1(45) = 5.268300; y2(45) = 0.396800; y3(45) = 0.507778; y4(45) = 0.418900;
y1(46) = 5.369800; y2(46) = 0.407600; y3(46) = 0.510889; y4(46) = 0.439900;
y1(47) = 5.484100; y2(47) = 0.418600; y3(47) = 0.539444; y4(47) = 0.418600;
y1(48) = 5.606200; y2(48) = 0.428600; y3(48) = 0.482000; y4(48) = 0.440900;
y1(49) = 5.754500; y2(49) = 0.438200; y3(49) = 0.538333; y4(49) = 0.418500;
y1(50) = 5.915000; y2(50) = 0.448100; y3(50) = 0.504556; y4(50) = 0.441700;
y1(51) = 6.103100; y2(51) = 0.459700; y3(51) = 0.510667; y4(51) = 0.439900;
y1(52) = 6.306500; y2(52) = 0.468600; y3(52) = 0.510889; y4(52) = 0.440500;
y1(53) = 6.422501; y2(53) = 0.482000; y3(53) = 0.516222; y4(53) = 0.442900;
y1(54) = 6.490201; y2(54) = 0.488400; y3(54) = 0.537889; y4(54) = 0.417700;
y1(55) = 6.569300; y2(55) = 0.508900; y3(55) = 0.512222; y4(55) = 0.441400;
y1(56) = 6.664701; y2(56) = 0.512100; y3(56) = 0.539000; y4(56) = 0.420200;
y1(57) = 6.780400; y2(57) = 0.525300; y3(57) = 0.510889; y4(57) = 0.441000;
y1(58) = 6.911500; y2(58) = 0.530600; y3(58) = 0.542333; y4(58) = 0.418800;
y1(59) = 7.057400; y2(59) = 0.540900; y3(59) = 0.513111; y4(59) = 0.441800;
y1(60) = 7.233900; y2(60) = 0.552600; y3(60) = 0.514556; y4(60) = 0.441800;
y1(61) = 7.419000; y2(61) = 0.563500; y3(61) = 0.517889; y4(61) = 0.422700;
y1(62) = 7.618200; y2(62) = 0.572100; y3(62) = 0.516333; y4(62) = 0.444700;
y1(63) = 7.803700; y2(63) = 0.583800; y3(63) = 0.545778; y4(63) = 0.419900;
y1(64) = 7.873500; y2(64) = 0.593400; y3(64) = 0.485889; y4(64) = 0.441600;
y1(65) = 7.961000; y2(65) = 0.602200; y3(65) = 0.542333; y4(65) = 0.419600;
y1(66) = 8.045801; y2(66) = 0.614600; y3(66) = 0.516222; y4(66) = 0.443200;
y1(67) = 8.165000; y2(67) = 0.628400; y3(67) = 0.513667; y4(67) = 0.447100;
y1(68) = 8.293001; y2(68) = 0.634600; y3(68) = 0.514444; y4(68) = 0.444400;
y1(69) = 8.431900; y2(69) = 0.647500; y3(69) = 0.514444; y4(69) = 0.445400;
y1(70) = 8.607800; y2(70) = 0.655200; y3(70) = 0.543222; y4(70) = 0.422300;
y1(71) = 8.797499; y2(71) = 0.669000; y3(71) = 0.515778; y4(71) = 0.445700;
y1(72) = 8.983200; y2(72) = 0.676500; y3(72) = 0.545778; y4(72) = 0.422700;
y1(73) = 9.175300; y2(73) = 0.688100; y3(73) = 0.526000; y4(73) = 0.451900;
y1(74) = 9.248700; y2(74) = 0.698800; y3(74) = 0.547444; y4(74) = 0.421800;
y1(75) = 9.310700; y2(75) = 0.708900; y3(75) = 0.518333; y4(75) = 0.448300;
y1(76) = 9.416101; y2(76) = 0.723100; y3(76) = 0.517000; y4(76) = 0.444300;
y1(77) = 9.522499; y2(77) = 0.729800; y3(77) = 0.520111; y4(77) = 0.424500;
y1(78) = 9.653300; y2(78) = 0.738200; y3(78) = 0.520444; y4(78) = 0.446000;
y1(79) = 9.805099; y2(79) = 0.750800; y3(79) = 0.547667; y4(79) = 0.423100;
y1(80) = 9.965199; y2(80) = 0.763600; y3(80) = 0.489556; y4(80) = 0.445600;
y1(81) = 10.140699; y2(81) = 0.774600; y3(81) = 0.547333; y4(81) = 0.424600;
y1(82) = 10.335000; y2(82) = 0.785000; y3(82) = 0.521222; y4(82) = 0.447400;
y1(83) = 10.637401; y2(83) = 0.792900; y3(83) = 0.579111; y4(83) = 0.519000;
y1(84) = 10.776602; y2(84) = 0.805400; y3(84) = 0.600111; y4(84) = 0.516100;
y1(85) = 10.866999; y2(85) = 0.817600; y3(85) = 0.599445; y4(85) = 0.515900;
y1(86) = 10.966600; y2(86) = 0.826000; y3(86) = 0.572667; y4(86) = 0.540600;
y1(87) = 11.071701; y2(87) = 0.840600; y3(87) = 0.578778; y4(87) = 0.543500;
y1(88) = 11.187200; y2(88) = 0.848300; y3(88) = 0.573556; y4(88) = 0.518800;
y1(89) = 11.341501; y2(89) = 0.857800; y3(89) = 0.569000; y4(89) = 0.541500;
y1(90) = 11.477900; y2(90) = 0.869600; y3(90) = 0.568222; y4(90) = 0.542700;
y1(91) = 11.647699; y2(91) = 0.878000; y3(91) = 0.573889; y4(91) = 0.520300;
y1(92) = 11.837000; y2(92) = 0.888900; y3(92) = 0.600333; y4(92) = 0.519600;
y1(93) = 12.046700; y2(93) = 0.903500; y3(93) = 0.604889; y4(93) = 0.523100;
y1(94) = 12.146299; y2(94) = 0.913000; y3(94) = 0.575222; y4(94) = 0.542800;
y1(95) = 12.218400; y2(95) = 0.923400; y3(95) = 0.576000; y4(95) = 0.543900;
y1(96) = 12.309001; y2(96) = 0.934700; y3(96) = 0.577667; y4(96) = 0.525800;
y1(97) = 12.397199; y2(97) = 0.944700; y3(97) = 0.575333; y4(97) = 0.544300;
y1(98) = 12.515800; y2(98) = 0.957300; y3(98) = 0.577444; y4(98) = 0.546400;
y1(99) = 12.652300; y2(99) = 0.967100; y3(99) = 0.576555; y4(99) = 0.523300;
y1(100) = 12.806401; y2(100) = 0.976300; y3(100) = 0.604444; y4(100) = 0.523300;
y1(101) = 12.981601; y2(101) = 0.992400; y3(101) = 0.612333; y4(101) = 0.522700;
y1(102) = 13.183599; y2(102) = 0.999300; y3(102) = 0.579889; y4(102) = 0.550000;
y1(103) = 13.380600; y2(103) = 1.012900; y3(103) = 0.583111; y4(103) = 0.550700;
y1(104) = 13.557699; y2(104) = 1.021400; y3(104) = 0.578444; y4(104) = 0.526300;
