x=1:100:21501;y1=1:100:21501;y2=1:100:21501;y3=1:100:21501;y4=1:100:21501;
y1(1) = 0.001900; y2(1) = 0.000200; y3(1) = 0.443111; y4(1) = 0.351700;
y1(2) = 0.016900; y2(2) = 0.006900; y3(2) = 0.403000; y4(2) = 0.351300;
y1(3) = 0.054200; y2(3) = 0.014200; y3(3) = 0.393556; y4(3) = 0.353500;
y1(4) = 0.112000; y2(4) = 0.021400; y3(4) = 0.394556; y4(4) = 0.353200;
y1(5) = 0.189900; y2(5) = 0.029700; y3(5) = 0.395556; y4(5) = 0.378700;
y1(6) = 0.289800; y2(6) = 0.037800; y3(6) = 0.396667; y4(6) = 0.354800;
y1(7) = 0.411100; y2(7) = 0.047100; y3(7) = 0.396000; y4(7) = 0.354900;
y1(8) = 0.547600; y2(8) = 0.055400; y3(8) = 0.398222; y4(8) = 0.354900;
y1(9) = 0.708000; y2(9) = 0.064400; y3(9) = 0.396000; y4(9) = 0.357500;
y1(10) = 0.889100; y2(10) = 0.073000; y3(10) = 0.426444; y4(10) = 0.354000;
y1(11) = 1.090100; y2(11) = 0.082900; y3(11) = 0.397333; y4(11) = 0.353900;
y1(12) = 1.205100; y2(12) = 0.092400; y3(12) = 0.451889; y4(12) = 0.380700;
y1(13) = 1.256400; y2(13) = 0.102500; y3(13) = 0.427000; y4(13) = 0.382300;
y1(14) = 1.328700; y2(14) = 0.111100; y3(14) = 0.454333; y4(14) = 0.379700;
y1(15) = 1.416000; y2(15) = 0.120900; y3(15) = 0.426556; y4(15) = 0.381600;
y1(16) = 1.525900; y2(16) = 0.130900; y3(16) = 0.424667; y4(16) = 0.403400;
y1(17) = 1.651400; y2(17) = 0.140000; y3(17) = 0.425444; y4(17) = 0.381300;
y1(18) = 1.796900; y2(18) = 0.149800; y3(18) = 0.425222; y4(18) = 0.379300;
y1(19) = 1.961600; y2(19) = 0.159600; y3(19) = 0.453778; y4(19) = 0.382200;
y1(20) = 2.147100; y2(20) = 0.170400; y3(20) = 0.426667; y4(20) = 0.381100;
y1(21) = 2.352300; y2(21) = 0.179900; y3(21) = 0.450889; y4(21) = 0.381900;
y1(22) = 2.536400; y2(22) = 0.189700; y3(22) = 0.483111; y4(22) = 0.409000;
y1(23) = 2.598600; y2(23) = 0.199500; y3(23) = 0.455111; y4(23) = 0.409400;
y1(24) = 2.586200; y2(24) = 0.204900; y3(24) = 0.474333; y4(24) = 0.399900;
y1(25) = 2.577300; y2(25) = 0.206600; y3(25) = 0.434778; y4(25) = 0.406400;
y1(26) = 2.675900; y2(26) = 0.215200; y3(26) = 0.450778; y4(26) = 0.385500;
y1(27) = 2.801400; y2(27) = 0.232400; y3(27) = 0.457889; y4(27) = 0.384700;
y1(28) = 2.934200; y2(28) = 0.233500; y3(28) = 0.430556; y4(28) = 0.406600;
y1(29) = 3.092500; y2(29) = 0.247600; y3(29) = 0.460222; y4(29) = 0.380200;
y1(30) = 3.261100; y2(30) = 0.249600; y3(30) = 0.461778; y4(30) = 0.377000;
y1(31) = 3.455500; y2(31) = 0.263500; y3(31) = 0.456667; y4(31) = 0.383200;
y1(32) = 3.636900; y2(32) = 0.268600; y3(32) = 0.431333; y4(32) = 0.408300;
y1(33) = 3.698800; y2(33) = 0.283700; y3(33) = 0.464222; y4(33) = 0.385900;
y1(34) = 3.766800; y2(34) = 0.288000; y3(34) = 0.457333; y4(34) = 0.386000;
y1(35) = 3.849100; y2(35) = 0.302300; y3(35) = 0.428111; y4(35) = 0.411000;
y1(36) = 3.949100; y2(36) = 0.314400; y3(36) = 0.432778; y4(36) = 0.392600;
y1(37) = 4.065900; y2(37) = 0.321500; y3(37) = 0.462667; y4(37) = 0.389800;
y1(38) = 4.201300; y2(38) = 0.327000; y3(38) = 0.455222; y4(38) = 0.390100;
y1(39) = 4.368400; y2(39) = 0.352100; y3(39) = 0.449556; y4(39) = 0.403200;
y1(40) = 4.554000; y2(40) = 0.355700; y3(40) = 0.475111; y4(40) = 0.382900;
y1(41) = 4.739000; y2(41) = 0.366200; y3(41) = 0.472333; y4(41) = 0.383000;
y1(42) = 5.007200; y2(42) = 0.369200; y3(42) = 0.539556; y4(42) = 0.415700;
y1(43) = 5.114000; y2(43) = 0.378000; y3(43) = 0.508111; y4(43) = 0.438300;
y1(44) = 5.192700; y2(44) = 0.388400; y3(44) = 0.512444; y4(44) = 0.439200;
y1(45) = 5.260400; y2(45) = 0.397200; y3(45) = 0.503444; y4(45) = 0.417300;
y1(46) = 5.362100; y2(46) = 0.407300; y3(46) = 0.510556; y4(46) = 0.439700;
y1(47) = 5.476200; y2(47) = 0.418100; y3(47) = 0.537889; y4(47) = 0.416400;
y1(48) = 5.596399; y2(48) = 0.427700; y3(48) = 0.482778; y4(48) = 0.442100;
y1(49) = 5.750100; y2(49) = 0.439400; y3(49) = 0.538111; y4(49) = 0.418700;
y1(50) = 5.902501; y2(50) = 0.447900; y3(50) = 0.508000; y4(50) = 0.442600;
y1(51) = 6.102500; y2(51) = 0.457700; y3(51) = 0.511889; y4(51) = 0.441500;
y1(52) = 6.298900; y2(52) = 0.468400; y3(52) = 0.499555; y4(52) = 0.448400;
y1(53) = 6.418000; y2(53) = 0.482900; y3(53) = 0.511667; y4(53) = 0.441800;
y1(54) = 6.484400; y2(54) = 0.492200; y3(54) = 0.541222; y4(54) = 0.417700;
y1(55) = 6.571900; y2(55) = 0.499900; y3(55) = 0.512556; y4(55) = 0.441500;
y1(56) = 6.666600; y2(56) = 0.509800; y3(56) = 0.544556; y4(56) = 0.421600;
y1(57) = 6.774900; y2(57) = 0.522100; y3(57) = 0.512333; y4(57) = 0.441200;
y1(58) = 6.906400; y2(58) = 0.532700; y3(58) = 0.540889; y4(58) = 0.417900;
y1(59) = 7.060800; y2(59) = 0.553500; y3(59) = 0.513889; y4(59) = 0.442800;
y1(60) = 7.218300; y2(60) = 0.551900; y3(60) = 0.511667; y4(60) = 0.442600;
y1(61) = 7.421401; y2(61) = 0.564900; y3(61) = 0.515667; y4(61) = 0.420700;
y1(62) = 7.609399; y2(62) = 0.573200; y3(62) = 0.518778; y4(62) = 0.445200;
y1(63) = 7.798499; y2(63) = 0.583200; y3(63) = 0.543667; y4(63) = 0.419500;
y1(64) = 7.863100; y2(64) = 0.593100; y3(64) = 0.486111; y4(64) = 0.442100;
y1(65) = 7.945300; y2(65) = 0.602200; y3(65) = 0.543889; y4(65) = 0.421100;
y1(66) = 8.031000; y2(66) = 0.614300; y3(66) = 0.515667; y4(66) = 0.442800;
y1(67) = 8.163000; y2(67) = 0.626900; y3(67) = 0.516889; y4(67) = 0.443500;
y1(68) = 8.286401; y2(68) = 0.635800; y3(68) = 0.514333; y4(68) = 0.442200;
y1(69) = 8.425300; y2(69) = 0.648800; y3(69) = 0.513667; y4(69) = 0.443000;
y1(70) = 8.594801; y2(70) = 0.655500; y3(70) = 0.548000; y4(70) = 0.421000;
y1(71) = 8.772200; y2(71) = 0.667300; y3(71) = 0.518667; y4(71) = 0.444500;
y1(72) = 8.970700; y2(72) = 0.675800; y3(72) = 0.543889; y4(72) = 0.421100;
y1(73) = 9.156400; y2(73) = 0.686700; y3(73) = 0.526000; y4(73) = 0.452200;
y1(74) = 9.217400; y2(74) = 0.697600; y3(74) = 0.545889; y4(74) = 0.422000;
y1(75) = 9.309100; y2(75) = 0.710000; y3(75) = 0.522000; y4(75) = 0.445200;
y1(76) = 9.392200; y2(76) = 0.722500; y3(76) = 0.522000; y4(76) = 0.445600;
y1(77) = 9.500101; y2(77) = 0.730300; y3(77) = 0.517778; y4(77) = 0.422800;
y1(78) = 9.628901; y2(78) = 0.739500; y3(78) = 0.519333; y4(78) = 0.446600;
y1(79) = 9.775101; y2(79) = 0.752300; y3(79) = 0.549667; y4(79) = 0.422300;
y1(80) = 9.946501; y2(80) = 0.762600; y3(80) = 0.491111; y4(80) = 0.446300;
y1(81) = 10.115301; y2(81) = 0.771700; y3(81) = 0.548222; y4(81) = 0.422500;
y1(82) = 10.308599; y2(82) = 0.786800; y3(82) = 0.520333; y4(82) = 0.447100;
y1(83) = 10.623099; y2(83) = 0.792300; y3(83) = 0.572778; y4(83) = 0.517400;
y1(84) = 10.749700; y2(84) = 0.804400; y3(84) = 0.601889; y4(84) = 0.518100;
y1(85) = 10.840600; y2(85) = 0.815400; y3(85) = 0.601667; y4(85) = 0.518200;
y1(86) = 10.944700; y2(86) = 0.821700; y3(86) = 0.583111; y4(86) = 0.540300;
y1(87) = 11.047200; y2(87) = 0.839600; y3(87) = 0.584889; y4(87) = 0.541000;
y1(88) = 11.164601; y2(88) = 0.846000; y3(88) = 0.581445; y4(88) = 0.516900;
y1(89) = 11.306200; y2(89) = 0.855800; y3(89) = 0.582000; y4(89) = 0.542000;
y1(90) = 11.458700; y2(90) = 0.867600; y3(90) = 0.580222; y4(90) = 0.544500;
y1(91) = 11.625099; y2(91) = 0.875800; y3(91) = 0.575444; y4(91) = 0.518500;
y1(92) = 11.814699; y2(92) = 0.887000; y3(92) = 0.602778; y4(92) = 0.522300;
y1(93) = 12.020200; y2(93) = 0.902000; y3(93) = 0.604222; y4(93) = 0.519000;
y1(94) = 12.123501; y2(94) = 0.914300; y3(94) = 0.571333; y4(94) = 0.545500;
y1(95) = 12.196700; y2(95) = 0.922100; y3(95) = 0.574667; y4(95) = 0.544400;
y1(96) = 12.285800; y2(96) = 0.933300; y3(96) = 0.576000; y4(96) = 0.521700;
y1(97) = 12.376500; y2(97) = 0.943400; y3(97) = 0.574111; y4(97) = 0.545800;
y1(98) = 12.495399; y2(98) = 0.961700; y3(98) = 0.580222; y4(98) = 0.544300;
y1(99) = 12.638200; y2(99) = 0.967100; y3(99) = 0.580111; y4(99) = 0.524400;
y1(100) = 12.779901; y2(100) = 0.975600; y3(100) = 0.608556; y4(100) = 0.524300;
y1(101) = 12.973200; y2(101) = 0.990300; y3(101) = 0.606111; y4(101) = 0.523300;
y1(102) = 13.154800; y2(102) = 0.998900; y3(102) = 0.580333; y4(102) = 0.547900;
y1(103) = 13.370801; y2(103) = 1.016700; y3(103) = 0.580000; y4(103) = 0.548400;
y1(104) = 13.546501; y2(104) = 1.019100; y3(104) = 0.580889; y4(104) = 0.524200;
