x=1:100:21501;y1=1:100:21501;y2=1:100:21501;y3=1:100:21501;y4=1:100:21501;
y1(1) = 0.001700; y2(1) = 0.000400; y3(1) = 0.418777; y4(1) = 0.349900;
y1(2) = 0.017700; y2(2) = 0.007000; y3(2) = 0.389778; y4(2) = 0.352300;
y1(3) = 0.053500; y2(3) = 0.014600; y3(3) = 0.393778; y4(3) = 0.351400;
y1(4) = 0.112100; y2(4) = 0.021600; y3(4) = 0.394556; y4(4) = 0.353900;
y1(5) = 0.191700; y2(5) = 0.029600; y3(5) = 0.397222; y4(5) = 0.378700;
y1(6) = 0.289000; y2(6) = 0.038100; y3(6) = 0.396556; y4(6) = 0.355300;
y1(7) = 0.408500; y2(7) = 0.047000; y3(7) = 0.396222; y4(7) = 0.354900;
y1(8) = 0.550000; y2(8) = 0.055300; y3(8) = 0.399000; y4(8) = 0.355100;
y1(9) = 0.707500; y2(9) = 0.064600; y3(9) = 0.396111; y4(9) = 0.357800;
y1(10) = 0.888800; y2(10) = 0.072800; y3(10) = 0.427444; y4(10) = 0.355200;
y1(11) = 1.089300; y2(11) = 0.083100; y3(11) = 0.399222; y4(11) = 0.354600;
y1(12) = 1.205900; y2(12) = 0.093500; y3(12) = 0.454333; y4(12) = 0.379800;
y1(13) = 1.256400; y2(13) = 0.101100; y3(13) = 0.426556; y4(13) = 0.380000;
y1(14) = 1.328200; y2(14) = 0.111700; y3(14) = 0.455333; y4(14) = 0.379400;
y1(15) = 1.417400; y2(15) = 0.121000; y3(15) = 0.426333; y4(15) = 0.380900;
y1(16) = 1.524700; y2(16) = 0.130200; y3(16) = 0.422778; y4(16) = 0.405000;
y1(17) = 1.651400; y2(17) = 0.139700; y3(17) = 0.427111; y4(17) = 0.381300;
y1(18) = 1.796400; y2(18) = 0.150200; y3(18) = 0.426556; y4(18) = 0.383000;
y1(19) = 1.961800; y2(19) = 0.159800; y3(19) = 0.453778; y4(19) = 0.381000;
y1(20) = 2.147600; y2(20) = 0.170200; y3(20) = 0.425556; y4(20) = 0.379700;
y1(21) = 2.350700; y2(21) = 0.179400; y3(21) = 0.459778; y4(21) = 0.381400;
y1(22) = 2.537100; y2(22) = 0.189100; y3(22) = 0.486222; y4(22) = 0.408800;
y1(23) = 2.566200; y2(23) = 0.196300; y3(23) = 0.451556; y4(23) = 0.403800;
y1(24) = 2.502900; y2(24) = 0.199600; y3(24) = 0.464222; y4(24) = 0.386100;
y1(25) = 2.574700; y2(25) = 0.208300; y3(25) = 0.427778; y4(25) = 0.403700;
y1(26) = 2.680600; y2(26) = 0.215200; y3(26) = 0.455000; y4(26) = 0.384800;
y1(27) = 2.795500; y2(27) = 0.223000; y3(27) = 0.454111; y4(27) = 0.384500;
y1(28) = 2.935400; y2(28) = 0.234900; y3(28) = 0.428889; y4(28) = 0.405900;
y1(29) = 3.091200; y2(29) = 0.244900; y3(29) = 0.456111; y4(29) = 0.379000;
y1(30) = 3.261600; y2(30) = 0.249600; y3(30) = 0.458222; y4(30) = 0.376100;
y1(31) = 3.456600; y2(31) = 0.260100; y3(31) = 0.454778; y4(31) = 0.383700;
y1(32) = 3.640300; y2(32) = 0.269200; y3(32) = 0.430000; y4(32) = 0.409500;
y1(33) = 3.695500; y2(33) = 0.285800; y3(33) = 0.464778; y4(33) = 0.384100;
y1(34) = 3.764600; y2(34) = 0.293500; y3(34) = 0.466444; y4(34) = 0.387400;
y1(35) = 3.856700; y2(35) = 0.303300; y3(35) = 0.438444; y4(35) = 0.404000;
y1(36) = 3.949600; y2(36) = 0.310300; y3(36) = 0.432667; y4(36) = 0.387000;
y1(37) = 4.078300; y2(37) = 0.344600; y3(37) = 0.476889; y4(37) = 0.380900;
y1(38) = 4.204200; y2(38) = 0.339800; y3(38) = 0.473000; y4(38) = 0.378800;
y1(39) = 4.368900; y2(39) = 0.350800; y3(39) = 0.448778; y4(39) = 0.402900;
y1(40) = 4.548100; y2(40) = 0.360400; y3(40) = 0.474111; y4(40) = 0.381300;
y1(41) = 4.740800; y2(41) = 0.363700; y3(41) = 0.476556; y4(41) = 0.383500;
y1(42) = 5.003900; y2(42) = 0.370000; y3(42) = 0.536889; y4(42) = 0.416700;
y1(43) = 5.116800; y2(43) = 0.378600; y3(43) = 0.509667; y4(43) = 0.437900;
y1(44) = 5.181700; y2(44) = 0.388900; y3(44) = 0.507778; y4(44) = 0.440600;
y1(45) = 5.260000; y2(45) = 0.396900; y3(45) = 0.511222; y4(45) = 0.417400;
y1(46) = 5.359700; y2(46) = 0.408000; y3(46) = 0.510556; y4(46) = 0.437600;
y1(47) = 5.473600; y2(47) = 0.418800; y3(47) = 0.538000; y4(47) = 0.416900;
y1(48) = 5.596700; y2(48) = 0.428600; y3(48) = 0.484444; y4(48) = 0.441200;
y1(49) = 5.738600; y2(49) = 0.438700; y3(49) = 0.536333; y4(49) = 0.415100;
y1(50) = 5.910400; y2(50) = 0.447100; y3(50) = 0.513000; y4(50) = 0.440400;
y1(51) = 6.097600; y2(51) = 0.458000; y3(51) = 0.512556; y4(51) = 0.441000;
y1(52) = 6.298300; y2(52) = 0.468800; y3(52) = 0.509667; y4(52) = 0.442400;
y1(53) = 6.415000; y2(53) = 0.480900; y3(53) = 0.511667; y4(53) = 0.440900;
y1(54) = 6.485200; y2(54) = 0.489000; y3(54) = 0.537667; y4(54) = 0.418800;
y1(55) = 6.570900; y2(55) = 0.502200; y3(55) = 0.512889; y4(55) = 0.441300;
y1(56) = 6.667300; y2(56) = 0.511700; y3(56) = 0.544778; y4(56) = 0.417900;
y1(57) = 6.775599; y2(57) = 0.520500; y3(57) = 0.511889; y4(57) = 0.441900;
y1(58) = 6.908601; y2(58) = 0.535200; y3(58) = 0.539667; y4(58) = 0.418400;
y1(59) = 7.055701; y2(59) = 0.544800; y3(59) = 0.512778; y4(59) = 0.442500;
y1(60) = 7.220200; y2(60) = 0.550900; y3(60) = 0.512778; y4(60) = 0.440200;
y1(61) = 7.414000; y2(61) = 0.562000; y3(61) = 0.512556; y4(61) = 0.418500;
y1(62) = 7.611400; y2(62) = 0.573000; y3(62) = 0.512111; y4(62) = 0.444800;
y1(63) = 7.797700; y2(63) = 0.584300; y3(63) = 0.541000; y4(63) = 0.417200;
y1(64) = 7.862500; y2(64) = 0.594200; y3(64) = 0.484889; y4(64) = 0.441300;
y1(65) = 7.944800; y2(65) = 0.602500; y3(65) = 0.543111; y4(65) = 0.420500;
y1(66) = 8.033200; y2(66) = 0.613400; y3(66) = 0.514111; y4(66) = 0.442400;
y1(67) = 8.141100; y2(67) = 0.624900; y3(67) = 0.515333; y4(67) = 0.445500;
y1(68) = 8.288500; y2(68) = 0.634100; y3(68) = 0.515556; y4(68) = 0.443800;
y1(69) = 8.418100; y2(69) = 0.645500; y3(69) = 0.516444; y4(69) = 0.445200;
y1(70) = 8.585699; y2(70) = 0.654900; y3(70) = 0.545444; y4(70) = 0.422700;
y1(71) = 8.774400; y2(71) = 0.667700; y3(71) = 0.514889; y4(71) = 0.445400;
y1(72) = 8.969600; y2(72) = 0.675900; y3(72) = 0.544889; y4(72) = 0.422200;
y1(73) = 9.154600; y2(73) = 0.688500; y3(73) = 0.524889; y4(73) = 0.452200;
y1(74) = 9.222001; y2(74) = 0.697900; y3(74) = 0.548444; y4(74) = 0.421700;
y1(75) = 9.313200; y2(75) = 0.709200; y3(75) = 0.517444; y4(75) = 0.446100;
y1(76) = 9.391300; y2(76) = 0.723100; y3(76) = 0.517778; y4(76) = 0.443800;
y1(77) = 9.506001; y2(77) = 0.729300; y3(77) = 0.517778; y4(77) = 0.424400;
y1(78) = 9.627600; y2(78) = 0.737400; y3(78) = 0.518778; y4(78) = 0.446400;
y1(79) = 9.774301; y2(79) = 0.750200; y3(79) = 0.547667; y4(79) = 0.422700;
y1(80) = 9.945299; y2(80) = 0.762600; y3(80) = 0.492222; y4(80) = 0.447900;
y1(81) = 10.117200; y2(81) = 0.772600; y3(81) = 0.548111; y4(81) = 0.423800;
y1(82) = 10.308200; y2(82) = 0.784300; y3(82) = 0.523111; y4(82) = 0.448100;
y1(83) = 10.622299; y2(83) = 0.792500; y3(83) = 0.574778; y4(83) = 0.516700;
y1(84) = 10.756800; y2(84) = 0.805000; y3(84) = 0.599222; y4(84) = 0.515800;
y1(85) = 10.846800; y2(85) = 0.815200; y3(85) = 0.598778; y4(85) = 0.518000;
y1(86) = 10.969701; y2(86) = 0.823400; y3(86) = 0.572556; y4(86) = 0.542000;
y1(87) = 11.084700; y2(87) = 0.848700; y3(87) = 0.569000; y4(87) = 0.540200;
y1(88) = 11.161699; y2(88) = 0.846500; y3(88) = 0.572000; y4(88) = 0.520100;
y1(89) = 11.311800; y2(89) = 0.856200; y3(89) = 0.571222; y4(89) = 0.545700;
y1(90) = 11.462600; y2(90) = 0.866900; y3(90) = 0.575222; y4(90) = 0.543000;
y1(91) = 11.635700; y2(91) = 0.876800; y3(91) = 0.584000; y4(91) = 0.518000;
y1(92) = 11.816700; y2(92) = 0.886900; y3(92) = 0.612444; y4(92) = 0.518100;
y1(93) = 12.021400; y2(93) = 0.903300; y3(93) = 0.611222; y4(93) = 0.521900;
y1(94) = 12.131500; y2(94) = 0.911800; y3(94) = 0.581000; y4(94) = 0.545200;
y1(95) = 12.191800; y2(95) = 0.921500; y3(95) = 0.575333; y4(95) = 0.543400;
y1(96) = 12.284301; y2(96) = 0.934200; y3(96) = 0.578333; y4(96) = 0.520900;
y1(97) = 12.374399; y2(97) = 0.943600; y3(97) = 0.574000; y4(97) = 0.546500;
y1(98) = 12.485500; y2(98) = 0.956800; y3(98) = 0.574333; y4(98) = 0.544500;
y1(99) = 12.635500; y2(99) = 0.966100; y3(99) = 0.584667; y4(99) = 0.521300;
y1(100) = 12.779600; y2(100) = 0.976700; y3(100) = 0.611333; y4(100) = 0.522200;
y1(101) = 12.958300; y2(101) = 0.989400; y3(101) = 0.615778; y4(101) = 0.523100;
y1(102) = 13.150400; y2(102) = 1.001000; y3(102) = 0.593667; y4(102) = 0.548300;
y1(103) = 13.360001; y2(103) = 1.016200; y3(103) = 0.583778; y4(103) = 0.550400;
y1(104) = 13.549400; y2(104) = 1.020600; y3(104) = 0.582111; y4(104) = 0.526100;
