x=1:100:73001;y1=1:100:73001;y2=1:100:73001;y3=1:100:73001;y4=1:100:73001;
y1(1) = 0.001900; y2(1) = 0.000600; y3(1) = 0.416668; y4(1) = 0.415700;
y1(2) = 0.020100; y2(2) = 0.008800; y3(2) = 0.449556; y4(2) = 0.405700;
y1(3) = 0.060800; y2(3) = 0.015800; y3(3) = 0.440778; y4(3) = 0.390900;
y1(4) = 0.121100; y2(4) = 0.023500; y3(4) = 0.423556; y4(4) = 0.380600;
y1(5) = 0.196400; y2(5) = 0.030800; y3(5) = 0.413333; y4(5) = 0.388400;
y1(6) = 0.289200; y2(6) = 0.038200; y3(6) = 0.399000; y4(6) = 0.355000;
y1(7) = 0.408800; y2(7) = 0.046400; y3(7) = 0.396889; y4(7) = 0.354500;
y1(8) = 0.548100; y2(8) = 0.056300; y3(8) = 0.399222; y4(8) = 0.354600;
y1(9) = 0.708000; y2(9) = 0.065400; y3(9) = 0.395556; y4(9) = 0.356000;
y1(10) = 0.889100; y2(10) = 0.073600; y3(10) = 0.424111; y4(10) = 0.354900;
y1(11) = 1.091300; y2(11) = 0.082500; y3(11) = 0.398111; y4(11) = 0.354200;
y1(12) = 1.206700; y2(12) = 0.092400; y3(12) = 0.451889; y4(12) = 0.380900;
y1(13) = 1.257800; y2(13) = 0.101700; y3(13) = 0.426000; y4(13) = 0.380800;
y1(14) = 1.330600; y2(14) = 0.110500; y3(14) = 0.455889; y4(14) = 0.379000;
y1(15) = 1.418700; y2(15) = 0.120900; y3(15) = 0.427444; y4(15) = 0.380100;
y1(16) = 1.525700; y2(16) = 0.130600; y3(16) = 0.423111; y4(16) = 0.405900;
y1(17) = 1.652500; y2(17) = 0.139300; y3(17) = 0.427111; y4(17) = 0.381700;
y1(18) = 1.799800; y2(18) = 0.149700; y3(18) = 0.426667; y4(18) = 0.381900;
y1(19) = 1.964300; y2(19) = 0.159800; y3(19) = 0.452667; y4(19) = 0.380400;
y1(20) = 2.150100; y2(20) = 0.170200; y3(20) = 0.426556; y4(20) = 0.379200;
y1(21) = 2.354500; y2(21) = 0.179300; y3(21) = 0.456667; y4(21) = 0.379700;
y1(22) = 2.540600; y2(22) = 0.189800; y3(22) = 0.483000; y4(22) = 0.408500;
y1(23) = 2.601800; y2(23) = 0.199800; y3(23) = 0.455000; y4(23) = 0.407800;
y1(24) = 2.675400; y2(24) = 0.210700; y3(24) = 0.481000; y4(24) = 0.407300;
y1(25) = 2.757800; y2(25) = 0.220200; y3(25) = 0.454333; y4(25) = 0.436200;
y1(26) = 2.867100; y2(26) = 0.232800; y3(26) = 0.484222; y4(26) = 0.409600;
y1(27) = 2.996900; y2(27) = 0.240800; y3(27) = 0.482111; y4(27) = 0.407600;
y1(28) = 3.140800; y2(28) = 0.253000; y3(28) = 0.451556; y4(28) = 0.434700;
y1(29) = 3.285700; y2(29) = 0.262200; y3(29) = 0.482667; y4(29) = 0.405600;
y1(30) = 3.266400; y2(30) = 0.251900; y3(30) = 0.464222; y4(30) = 0.388900;
y1(31) = 3.459800; y2(31) = 0.260300; y3(31) = 0.455889; y4(31) = 0.383600;
y1(32) = 3.642600; y2(32) = 0.269300; y3(32) = 0.431111; y4(32) = 0.406000;
y1(33) = 3.709800; y2(33) = 0.281500; y3(33) = 0.459222; y4(33) = 0.386600;
y1(34) = 3.768100; y2(34) = 0.290400; y3(34) = 0.463889; y4(34) = 0.387600;
y1(35) = 3.852200; y2(35) = 0.302300; y3(35) = 0.431111; y4(35) = 0.413500;
y1(36) = 3.954100; y2(36) = 0.309000; y3(36) = 0.427444; y4(36) = 0.392500;
y1(37) = 4.076000; y2(37) = 0.343700; y3(37) = 0.471111; y4(37) = 0.379600;
y1(38) = 4.211400; y2(38) = 0.339300; y3(38) = 0.470778; y4(38) = 0.380500;
y1(39) = 4.375400; y2(39) = 0.353500; y3(39) = 0.449778; y4(39) = 0.402300;
y1(40) = 4.564799; y2(40) = 0.357700; y3(40) = 0.473556; y4(40) = 0.384000;
y1(41) = 4.755600; y2(41) = 0.360200; y3(41) = 0.470778; y4(41) = 0.383000;
y1(42) = 5.015600; y2(42) = 0.371000; y3(42) = 0.531444; y4(42) = 0.417300;
y1(43) = 5.119101; y2(43) = 0.379800; y3(43) = 0.509444; y4(43) = 0.437500;
y1(44) = 5.191900; y2(44) = 0.389100; y3(44) = 0.504889; y4(44) = 0.440100;
y1(45) = 5.268800; y2(45) = 0.396800; y3(45) = 0.509222; y4(45) = 0.416300;
y1(46) = 5.369400; y2(46) = 0.407200; y3(46) = 0.510556; y4(46) = 0.438800;
y1(47) = 5.489400; y2(47) = 0.419200; y3(47) = 0.539111; y4(47) = 0.416700;
y1(48) = 5.610200; y2(48) = 0.428100; y3(48) = 0.478444; y4(48) = 0.440000;
y1(49) = 5.746600; y2(49) = 0.438000; y3(49) = 0.538444; y4(49) = 0.414500;
y1(50) = 5.916200; y2(50) = 0.447100; y3(50) = 0.513889; y4(50) = 0.439700;
y1(51) = 6.106400; y2(51) = 0.458400; y3(51) = 0.512111; y4(51) = 0.440000;
y1(52) = 6.305700; y2(52) = 0.470100; y3(52) = 0.510444; y4(52) = 0.440200;
y1(53) = 6.423100; y2(53) = 0.482600; y3(53) = 0.514889; y4(53) = 0.441200;
y1(54) = 6.494300; y2(54) = 0.488800; y3(54) = 0.541778; y4(54) = 0.417900;
y1(55) = 6.571200; y2(55) = 0.499600; y3(55) = 0.511555; y4(55) = 0.440800;
y1(56) = 6.663499; y2(56) = 0.512300; y3(56) = 0.543667; y4(56) = 0.420600;
y1(57) = 6.784400; y2(57) = 0.521300; y3(57) = 0.513222; y4(57) = 0.441700;
y1(58) = 6.915200; y2(58) = 0.530700; y3(58) = 0.539778; y4(58) = 0.417100;
y1(59) = 7.063400; y2(59) = 0.540200; y3(59) = 0.515333; y4(59) = 0.441600;
y1(60) = 7.227900; y2(60) = 0.554400; y3(60) = 0.512778; y4(60) = 0.441400;
y1(61) = 7.428500; y2(61) = 0.562500; y3(61) = 0.514333; y4(61) = 0.418200;
y1(62) = 7.629300; y2(62) = 0.572500; y3(62) = 0.520000; y4(62) = 0.440900;
y1(63) = 7.816300; y2(63) = 0.584100; y3(63) = 0.540667; y4(63) = 0.418400;
y1(64) = 7.876900; y2(64) = 0.594500; y3(64) = 0.486333; y4(64) = 0.440500;
y1(65) = 7.953799; y2(65) = 0.601800; y3(65) = 0.543889; y4(65) = 0.419700;
y1(66) = 8.068001; y2(66) = 0.614700; y3(66) = 0.515000; y4(66) = 0.441900;
y1(67) = 8.165800; y2(67) = 0.624600; y3(67) = 0.516444; y4(67) = 0.443100;
y1(68) = 8.299400; y2(68) = 0.635200; y3(68) = 0.514889; y4(68) = 0.441800;
y1(69) = 8.438701; y2(69) = 0.653800; y3(69) = 0.516333; y4(69) = 0.441100;
y1(70) = 8.597199; y2(70) = 0.655200; y3(70) = 0.546111; y4(70) = 0.420200;
y1(71) = 8.776600; y2(71) = 0.667100; y3(71) = 0.517778; y4(71) = 0.447000;
y1(72) = 8.973800; y2(72) = 0.675600; y3(72) = 0.545667; y4(72) = 0.421200;
y1(73) = 9.172300; y2(73) = 0.687500; y3(73) = 0.524444; y4(73) = 0.453700;
y1(74) = 9.247499; y2(74) = 0.698400; y3(74) = 0.548556; y4(74) = 0.420000;
y1(75) = 9.314800; y2(75) = 0.709100; y3(75) = 0.520778; y4(75) = 0.445800;
y1(76) = 9.413199; y2(76) = 0.720400; y3(76) = 0.520889; y4(76) = 0.445900;
y1(77) = 9.524699; y2(77) = 0.729500; y3(77) = 0.518889; y4(77) = 0.424700;
y1(78) = 9.643100; y2(78) = 0.737900; y3(78) = 0.519889; y4(78) = 0.445100;
y1(79) = 9.791201; y2(79) = 0.750400; y3(79) = 0.546222; y4(79) = 0.422900;
y1(80) = 9.961901; y2(80) = 0.762100; y3(80) = 0.490333; y4(80) = 0.446800;
y1(81) = 10.135099; y2(81) = 0.773000; y3(81) = 0.550000; y4(81) = 0.424800;
y1(82) = 10.338099; y2(82) = 0.784700; y3(82) = 0.519333; y4(82) = 0.444900;
y1(83) = 10.636900; y2(83) = 0.792700; y3(83) = 0.567667; y4(83) = 0.515900;
y1(84) = 10.779599; y2(84) = 0.806300; y3(84) = 0.599222; y4(84) = 0.514400;
y1(85) = 10.889100; y2(85) = 0.815400; y3(85) = 0.599667; y4(85) = 0.515000;
y1(86) = 10.967400; y2(86) = 0.822900; y3(86) = 0.570556; y4(86) = 0.540600;
y1(87) = 11.069499; y2(87) = 0.838900; y3(87) = 0.574222; y4(87) = 0.539800;
y1(88) = 11.200600; y2(88) = 0.847100; y3(88) = 0.570222; y4(88) = 0.516700;
y1(89) = 11.333399; y2(89) = 0.856300; y3(89) = 0.571555; y4(89) = 0.541600;
y1(90) = 11.475699; y2(90) = 0.871200; y3(90) = 0.579333; y4(90) = 0.540000;
y1(91) = 11.645399; y2(91) = 0.878100; y3(91) = 0.572333; y4(91) = 0.523200;
y1(92) = 11.846101; y2(92) = 0.887700; y3(92) = 0.604556; y4(92) = 0.520600;
y1(93) = 12.041600; y2(93) = 0.903400; y3(93) = 0.603667; y4(93) = 0.520100;
y1(94) = 12.153501; y2(94) = 0.912800; y3(94) = 0.572000; y4(94) = 0.543100;
y1(95) = 12.226599; y2(95) = 0.922600; y3(95) = 0.574778; y4(95) = 0.543100;
y1(96) = 12.301700; y2(96) = 0.934400; y3(96) = 0.575000; y4(96) = 0.518100;
y1(97) = 12.392700; y2(97) = 0.943800; y3(97) = 0.571556; y4(97) = 0.544700;
y1(98) = 12.528999; y2(98) = 0.955400; y3(98) = 0.578222; y4(98) = 0.543100;
y1(99) = 12.651800; y2(99) = 0.965800; y3(99) = 0.579444; y4(99) = 0.520100;
y1(100) = 12.803200; y2(100) = 0.977300; y3(100) = 0.603333; y4(100) = 0.522500;
y1(101) = 12.987600; y2(101) = 0.988400; y3(101) = 0.609889; y4(101) = 0.522200;
y1(102) = 13.174400; y2(102) = 1.001000; y3(102) = 0.579000; y4(102) = 0.553200;
y1(103) = 13.372000; y2(103) = 1.010200; y3(103) = 0.578556; y4(103) = 0.548100;
y1(104) = 13.551700; y2(104) = 1.021900; y3(104) = 0.587222; y4(104) = 0.525700;
