x=1:100:21501;y1=1:100:21501;y2=1:100:21501;y3=1:100:21501;y4=1:100:21501;
y1(1) = 0.001630; y2(1) = 0.000420; y3(1) = 0.389252; y4(1) = 0.387550;
y1(2) = 0.016900; y2(2) = 0.006810; y3(2) = 0.358727; y4(2) = 0.355610;
y1(3) = 0.053960; y2(3) = 0.014030; y3(3) = 0.362939; y4(3) = 0.354710;
y1(4) = 0.112420; y2(4) = 0.021610; y3(4) = 0.364535; y4(4) = 0.358620;
y1(5) = 0.190830; y2(5) = 0.029730; y3(5) = 0.363374; y4(5) = 0.358840;
y1(6) = 0.289720; y2(6) = 0.038180; y3(6) = 0.365020; y4(6) = 0.360020;
y1(7) = 0.392660; y2(7) = 0.044490; y3(7) = 0.351808; y4(7) = 0.344780;
y1(8) = 0.513520; y2(8) = 0.052080; y3(8) = 0.342808; y4(8) = 0.334440;
y1(9) = 0.663180; y2(9) = 0.060150; y3(9) = 0.341394; y4(9) = 0.336670;
y1(10) = 0.831830; y2(10) = 0.068790; y3(10) = 0.345010; y4(10) = 0.336530;
y1(11) = 1.018960; y2(11) = 0.077730; y3(11) = 0.342505; y4(11) = 0.337500;
y1(12) = 1.127020; y2(12) = 0.086840; y3(12) = 0.372647; y4(12) = 0.360330;
y1(13) = 1.174820; y2(13) = 0.095780; y3(13) = 0.370717; y4(13) = 0.364600;
y1(14) = 1.243050; y2(14) = 0.104320; y3(14) = 0.371798; y4(14) = 0.362800;
y1(15) = 1.325680; y2(15) = 0.112950; y3(15) = 0.372586; y4(15) = 0.367390;
y1(16) = 1.426899; y2(16) = 0.122620; y3(16) = 0.372798; y4(16) = 0.366590;
y1(17) = 1.564720; y2(17) = 0.131830; y3(17) = 0.368808; y4(17) = 0.361790;
y1(18) = 1.683831; y2(18) = 0.140440; y3(18) = 0.373818; y4(18) = 0.367310;
y1(19) = 1.841700; y2(19) = 0.149540; y3(19) = 0.375879; y4(19) = 0.364730;
y1(20) = 2.013050; y2(20) = 0.159590; y3(20) = 0.372939; y4(20) = 0.368610;
y1(21) = 2.204731; y2(21) = 0.168510; y3(21) = 0.378455; y4(21) = 0.366900;
y1(22) = 2.379189; y2(22) = 0.177130; y3(22) = 0.409495; y4(22) = 0.401520;
y1(23) = 2.435781; y2(23) = 0.187190; y3(23) = 0.413101; y4(23) = 0.399680;
y1(24) = 2.501960; y2(24) = 0.197210; y3(24) = 0.415444; y4(24) = 0.399640;
y1(25) = 2.579401; y2(25) = 0.207370; y3(25) = 0.414020; y4(25) = 0.401310;
y1(26) = 2.680980; y2(26) = 0.219580; y3(26) = 0.416929; y4(26) = 0.403020;
y1(27) = 2.806030; y2(27) = 0.226430; y3(27) = 0.417737; y4(27) = 0.402810;
y1(28) = 2.941791; y2(28) = 0.236210; y3(28) = 0.419848; y4(28) = 0.404170;
y1(29) = 3.095200; y2(29) = 0.246290; y3(29) = 0.421838; y4(29) = 0.406630;
y1(30) = 3.269491; y2(30) = 0.253410; y3(30) = 0.421353; y4(30) = 0.409360;
y1(31) = 3.461879; y2(31) = 0.261400; y3(31) = 0.422303; y4(31) = 0.413100;
y1(32) = 3.647010; y2(32) = 0.273350; y3(32) = 0.427394; y4(32) = 0.410660;
y1(33) = 3.705340; y2(33) = 0.284440; y3(33) = 0.427818; y4(33) = 0.412780;
y1(34) = 3.774440; y2(34) = 0.295570; y3(34) = 0.431707; y4(34) = 0.412620;
y1(35) = 3.857179; y2(35) = 0.303770; y3(35) = 0.426717; y4(35) = 0.417550;
y1(36) = 3.956021; y2(36) = 0.310670; y3(36) = 0.426626; y4(36) = 0.419100;
y1(37) = 4.074661; y2(37) = 0.325940; y3(37) = 0.434394; y4(37) = 0.418640;
y1(38) = 4.221499; y2(38) = 0.344720; y3(38) = 0.447364; y4(38) = 0.409220;
y1(39) = 4.380771; y2(39) = 0.355940; y3(39) = 0.444384; y4(39) = 0.410590;
y1(40) = 4.558539; y2(40) = 0.361070; y3(40) = 0.445152; y4(40) = 0.410780;
y1(41) = 4.752350; y2(41) = 0.366370; y3(41) = 0.443242; y4(41) = 0.413140;
y1(42) = 5.019099; y2(42) = 0.370870; y3(42) = 0.499162; y4(42) = 0.455360;
y1(43) = 5.125110; y2(43) = 0.381060; y3(43) = 0.500889; y4(43) = 0.457690;
y1(44) = 5.196460; y2(44) = 0.390970; y3(44) = 0.499030; y4(44) = 0.459150;
y1(45) = 5.277551; y2(45) = 0.400890; y3(45) = 0.501313; y4(45) = 0.464160;
y1(46) = 5.373951; y2(46) = 0.411230; y3(46) = 0.503303; y4(46) = 0.462850;
y1(47) = 5.483342; y2(47) = 0.421270; y3(47) = 0.507142; y4(47) = 0.464660;
y1(48) = 5.611160; y2(48) = 0.431520; y3(48) = 0.508657; y4(48) = 0.467600;
y1(49) = 5.758190; y2(49) = 0.441300; y3(49) = 0.511636; y4(49) = 0.468570;
y1(50) = 5.924921; y2(50) = 0.452060; y3(50) = 0.511525; y4(50) = 0.472940;
y1(51) = 6.113761; y2(51) = 0.463330; y3(51) = 0.515121; y4(51) = 0.471750;
y1(52) = 6.319061; y2(52) = 0.472910; y3(52) = 0.520434; y4(52) = 0.473520;
y1(53) = 6.435229; y2(53) = 0.485070; y3(53) = 0.516899; y4(53) = 0.475300;
y1(54) = 6.501461; y2(54) = 0.495910; y3(54) = 0.522556; y4(54) = 0.477260;
y1(55) = 6.584110; y2(55) = 0.503720; y3(55) = 0.522939; y4(55) = 0.483340;
y1(56) = 6.678330; y2(56) = 0.516390; y3(56) = 0.524394; y4(56) = 0.483820;
y1(57) = 6.793950; y2(57) = 0.526560; y3(57) = 0.529192; y4(57) = 0.483270;
y1(58) = 6.929120; y2(58) = 0.536360; y3(58) = 0.530455; y4(58) = 0.485070;
y1(59) = 7.079670; y2(59) = 0.547400; y3(59) = 0.532798; y4(59) = 0.487200;
y1(60) = 7.245730; y2(60) = 0.555820; y3(60) = 0.531879; y4(60) = 0.488670;
y1(61) = 7.433630; y2(61) = 0.566950; y3(61) = 0.531222; y4(61) = 0.491370;
y1(62) = 7.635829; y2(62) = 0.576500; y3(62) = 0.534778; y4(62) = 0.491900;
y1(63) = 7.815249; y2(63) = 0.586840; y3(63) = 0.541121; y4(63) = 0.492960;
y1(64) = 7.884339; y2(64) = 0.596680; y3(64) = 0.543040; y4(64) = 0.495000;
y1(65) = 7.962167; y2(65) = 0.608000; y3(65) = 0.544879; y4(65) = 0.496220;
y1(66) = 8.053229; y2(66) = 0.617800; y3(66) = 0.545717; y4(66) = 0.501920;
y1(67) = 8.165530; y2(67) = 0.629840; y3(67) = 0.547717; y4(67) = 0.500630;
y1(68) = 8.296780; y2(68) = 0.640800; y3(68) = 0.551323; y4(68) = 0.501710;
y1(69) = 8.445328; y2(69) = 0.649670; y3(69) = 0.550566; y4(69) = 0.503110;
y1(70) = 8.612351; y2(70) = 0.660600; y3(70) = 0.566485; y4(70) = 0.507480;
y1(71) = 8.789049; y2(71) = 0.671110; y3(71) = 0.554101; y4(71) = 0.509850;
y1(72) = 8.988350; y2(72) = 0.683120; y3(72) = 0.558424; y4(72) = 0.510750;
y1(73) = 9.178751; y2(73) = 0.693430; y3(73) = 0.559626; y4(73) = 0.510550;
y1(74) = 9.246570; y2(74) = 0.703800; y3(74) = 0.558909; y4(74) = 0.511400;
y1(75) = 9.331071; y2(75) = 0.713580; y3(75) = 0.565657; y4(75) = 0.513570;
y1(76) = 9.420728; y2(76) = 0.725180; y3(76) = 0.560000; y4(76) = 0.514500;
y1(77) = 9.531831; y2(77) = 0.733890; y3(77) = 0.563273; y4(77) = 0.519650;
y1(78) = 9.662790; y2(78) = 0.745430; y3(78) = 0.568485; y4(78) = 0.518790;
y1(79) = 9.806441; y2(79) = 0.755990; y3(79) = 0.573141; y4(79) = 0.520930;
y1(80) = 9.967419; y2(80) = 0.766010; y3(80) = 0.579858; y4(80) = 0.522010;
y1(81) = 10.145840; y2(81) = 0.780010; y3(81) = 0.574505; y4(81) = 0.522920;
y1(82) = 10.337991; y2(82) = 0.788790; y3(82) = 0.571343; y4(82) = 0.527520;
y1(83) = 10.642418; y2(83) = 0.799310; y3(83) = 0.629303; y4(83) = 0.633710;
y1(84) = 10.778909; y2(84) = 0.810540; y3(84) = 0.638192; y4(84) = 0.632550;
y1(85) = 10.877190; y2(85) = 0.820900; y3(85) = 0.636576; y4(85) = 0.640160;
y1(86) = 10.973811; y2(86) = 0.832370; y3(86) = 0.679141; y4(86) = 0.646900;
y1(87) = 11.085311; y2(87) = 0.841780; y3(87) = 0.645020; y4(87) = 0.647280;
y1(88) = 11.193311; y2(88) = 0.852360; y3(88) = 0.644394; y4(88) = 0.654790;
y1(89) = 11.327429; y2(89) = 0.863280; y3(89) = 0.653566; y4(89) = 0.655520;
y1(90) = 11.481143; y2(90) = 0.874340; y3(90) = 0.658101; y4(90) = 0.659610;
y1(91) = 11.653350; y2(91) = 0.886240; y3(91) = 0.657727; y4(91) = 0.662610;
y1(92) = 11.851529; y2(92) = 0.896320; y3(92) = 0.665717; y4(92) = 0.663990;
y1(93) = 12.045221; y2(93) = 0.908350; y3(93) = 0.663747; y4(93) = 0.670530;
y1(94) = 12.156882; y2(94) = 0.920280; y3(94) = 0.668172; y4(94) = 0.674150;
y1(95) = 12.226792; y2(95) = 0.929350; y3(95) = 0.676172; y4(95) = 0.678630;
y1(96) = 12.307709; y2(96) = 0.941530; y3(96) = 0.671384; y4(96) = 0.685970;
y1(97) = 12.411799; y2(97) = 0.951520; y3(97) = 0.678566; y4(97) = 0.685240;
y1(98) = 12.525922; y2(98) = 0.962290; y3(98) = 0.682162; y4(98) = 0.689480;
y1(99) = 12.663901; y2(99) = 0.973340; y3(99) = 0.685768; y4(99) = 0.693190;
y1(100) = 12.820059; y2(100) = 0.984090; y3(100) = 0.691404; y4(100) = 0.693070;
y1(101) = 12.993684; y2(101) = 0.995110; y3(101) = 0.691202; y4(101) = 0.699550;
y1(102) = 13.192390; y2(102) = 1.005420; y3(102) = 0.692283; y4(102) = 0.704100;
y1(103) = 13.400976; y2(103) = 1.018580; y3(103) = 0.698404; y4(103) = 0.706540;
y1(104) = 13.583401; y2(104) = 1.027820; y3(104) = 0.699505; y4(104) = 0.715780;
