x=1:21501;y1=1:21501;y2=1:21501;y3=1:21501;y4=1:21501;
y1(1) = 0.001460; y2(1) = 0.000440; y3(1) = 0.370333; y4(1) = 0.374140;
y1(101) = 0.016330; y2(101) = 0.006770; y3(101) = 0.359950; y4(101) = 0.355450;
y1(201) = 0.052530; y2(201) = 0.013790; y3(201) = 0.362121; y4(201) = 0.352510;
y1(301) = 0.110390; y2(301) = 0.021310; y3(301) = 0.363616; y4(301) = 0.356600;
y1(401) = 0.188000; y2(401) = 0.029440; y3(401) = 0.362687; y4(401) = 0.357850;
y1(501) = 0.286020; y2(501) = 0.037790; y3(501) = 0.363303; y4(501) = 0.358370;
y1(601) = 0.396540; y2(601) = 0.045300; y3(601) = 0.359758; y4(601) = 0.352040;
y1(701) = 0.507590; y2(701) = 0.051190; y3(701) = 0.342050; y4(701) = 0.332440;
y1(801) = 0.656550; y2(801) = 0.059370; y3(801) = 0.341949; y4(801) = 0.335120;
y1(901) = 0.825140; y2(901) = 0.068360; y3(901) = 0.343283; y4(901) = 0.334680;
y1(1001) = 1.011710; y2(1001) = 0.076400; y3(1001) = 0.342172; y4(1001) = 0.335540;
y1(1101) = 1.118680; y2(1101) = 0.085400; y3(1101) = 0.371889; y4(1101) = 0.359760;
y1(1201) = 1.167270; y2(1201) = 0.093700; y3(1201) = 0.369545; y4(1201) = 0.362620;
y1(1301) = 1.232740; y2(1301) = 0.102890; y3(1301) = 0.371313; y4(1301) = 0.361020;
y1(1401) = 1.315330; y2(1401) = 0.111730; y3(1401) = 0.372263; y4(1401) = 0.363850;
y1(1501) = 1.413881; y2(1501) = 0.120450; y3(1501) = 0.372263; y4(1501) = 0.366250;
y1(1601) = 1.538880; y2(1601) = 0.129290; y3(1601) = 0.372263; y4(1601) = 0.362150;
y1(1701) = 1.679200; y2(1701) = 0.137850; y3(1701) = 0.370212; y4(1701) = 0.363480;
y1(1801) = 1.826500; y2(1801) = 0.148290; y3(1801) = 0.376030; y4(1801) = 0.362850;
y1(1901) = 1.998960; y2(1901) = 0.157480; y3(1901) = 0.370838; y4(1901) = 0.366500;
y1(2001) = 2.188810; y2(2001) = 0.166160; y3(2001) = 0.376444; y4(2001) = 0.364680;
y1(2101) = 2.363170; y2(2101) = 0.176800; y3(2101) = 0.406899; y4(2101) = 0.401580;
y1(2201) = 2.420400; y2(2201) = 0.184690; y3(2201) = 0.411565; y4(2201) = 0.398290;
y1(2301) = 2.484730; y2(2301) = 0.194460; y3(2301) = 0.414737; y4(2301) = 0.399700;
y1(2401) = 2.564939; y2(2401) = 0.204490; y3(2401) = 0.412798; y4(2401) = 0.400400;
y1(2501) = 2.664660; y2(2501) = 0.213750; y3(2501) = 0.416010; y4(2501) = 0.401490;
y1(2601) = 2.790160; y2(2601) = 0.220140; y3(2601) = 0.411849; y4(2601) = 0.409500;
y1(2701) = 2.921570; y2(2701) = 0.233840; y3(2701) = 0.421010; y4(2701) = 0.403050;
y1(2801) = 3.076170; y2(2801) = 0.242460; y3(2801) = 0.421030; y4(2801) = 0.405330;
y1(2901) = 3.250849; y2(2901) = 0.250050; y3(2901) = 0.420677; y4(2901) = 0.410350;
y1(3001) = 3.441590; y2(3001) = 0.258730; y3(3001) = 0.422293; y4(3001) = 0.411060;
y1(3101) = 3.628000; y2(3101) = 0.269140; y3(3101) = 0.424353; y4(3101) = 0.409120;
y1(3201) = 3.681920; y2(3201) = 0.280270; y3(3201) = 0.425434; y4(3201) = 0.410190;
y1(3301) = 3.748740; y2(3301) = 0.290410; y3(3301) = 0.431374; y4(3301) = 0.411820;
y1(3401) = 3.835070; y2(3401) = 0.300850; y3(3401) = 0.428758; y4(3401) = 0.413330;
y1(3501) = 3.932640; y2(3501) = 0.308960; y3(3501) = 0.425828; y4(3501) = 0.417500;
y1(3601) = 4.048920; y2(3601) = 0.317290; y3(3601) = 0.428798; y4(3601) = 0.418260;
y1(3701) = 4.193440; y2(3701) = 0.335260; y3(3701) = 0.445010; y4(3701) = 0.407920;
y1(3801) = 4.353730; y2(3801) = 0.349470; y3(3801) = 0.444848; y4(3801) = 0.409250;
y1(3901) = 4.527709; y2(3901) = 0.358410; y3(3901) = 0.443424; y4(3901) = 0.409980;
y1(4001) = 4.722569; y2(4001) = 0.362780; y3(4001) = 0.441657; y4(4001) = 0.412360;
y1(4101) = 4.985809; y2(4101) = 0.366390; y3(4101) = 0.496646; y4(4101) = 0.454810;
y1(4201) = 5.090710; y2(4201) = 0.375620; y3(4201) = 0.499404; y4(4201) = 0.455560;
y1(4301) = 5.164080; y2(4301) = 0.385030; y3(4301) = 0.498242; y4(4301) = 0.457870;
y1(4401) = 5.241359; y2(4401) = 0.394730; y3(4401) = 0.499869; y4(4401) = 0.462930;
y1(4501) = 5.338760; y2(4501) = 0.405820; y3(4501) = 0.502485; y4(4501) = 0.461830;
y1(4601) = 5.449410; y2(4601) = 0.415390; y3(4601) = 0.505929; y4(4601) = 0.462430;
y1(4701) = 5.575070; y2(4701) = 0.425800; y3(4701) = 0.507859; y4(4701) = 0.465960;
y1(4801) = 5.721300; y2(4801) = 0.436500; y3(4801) = 0.511445; y4(4801) = 0.468260;
y1(4901) = 5.887901; y2(4901) = 0.445840; y3(4901) = 0.509061; y4(4901) = 0.471660;
y1(5001) = 6.076100; y2(5001) = 0.455710; y3(5001) = 0.511546; y4(5001) = 0.470400;
y1(5101) = 6.280449; y2(5101) = 0.466260; y3(5101) = 0.517010; y4(5101) = 0.471990;
y1(5201) = 6.396190; y2(5201) = 0.478470; y3(5201) = 0.516303; y4(5201) = 0.473390;
y1(5301) = 6.464111; y2(5301) = 0.487120; y3(5301) = 0.522646; y4(5301) = 0.476120;
y1(5401) = 6.546130; y2(5401) = 0.496990; y3(5401) = 0.519990; y4(5401) = 0.477570;
y1(5501) = 6.642421; y2(5501) = 0.508300; y3(5501) = 0.521929; y4(5501) = 0.480540;
y1(5601) = 6.754290; y2(5601) = 0.519680; y3(5601) = 0.525263; y4(5601) = 0.479270;
y1(5701) = 6.889793; y2(5701) = 0.529010; y3(5701) = 0.527909; y4(5701) = 0.480910;
y1(5801) = 7.036780; y2(5801) = 0.538190; y3(5801) = 0.530748; y4(5801) = 0.483120;
y1(5901) = 7.203502; y2(5901) = 0.547200; y3(5901) = 0.527970; y4(5901) = 0.484080;
y1(6001) = 7.391129; y2(6001) = 0.557220; y3(6001) = 0.533212; y4(6001) = 0.488750;
y1(6101) = 7.592362; y2(6101) = 0.568440; y3(6101) = 0.534929; y4(6101) = 0.487690;
y1(6201) = 7.767469; y2(6201) = 0.578570; y3(6201) = 0.538414; y4(6201) = 0.489580;
y1(6301) = 7.837553; y2(6301) = 0.588250; y3(6301) = 0.546142; y4(6301) = 0.491370;
y1(6401) = 7.914200; y2(6401) = 0.598840; y3(6401) = 0.580798; y4(6401) = 0.494610;
y1(6501) = 8.007481; y2(6501) = 0.609720; y3(6501) = 0.540293; y4(6501) = 0.497540;
y1(6601) = 8.117370; y2(6601) = 0.619680; y3(6601) = 0.540808; y4(6601) = 0.495730;
y1(6701) = 8.248381; y2(6701) = 0.630090; y3(6701) = 0.547081; y4(6701) = 0.497920;
y1(6801) = 8.393891; y2(6801) = 0.641370; y3(6801) = 0.544535; y4(6801) = 0.499170;
y1(6901) = 8.556179; y2(6901) = 0.651160; y3(6901) = 0.549667; y4(6901) = 0.500950;
y1(7001) = 8.738720; y2(7001) = 0.663210; y3(7001) = 0.548556; y4(7001) = 0.505550;
y1(7101) = 8.936212; y2(7101) = 0.672510; y3(7101) = 0.549475; y4(7101) = 0.508490;
y1(7201) = 9.126928; y2(7201) = 0.682160; y3(7201) = 0.558192; y4(7201) = 0.506870;
y1(7301) = 9.195259; y2(7301) = 0.692480; y3(7301) = 0.562737; y4(7301) = 0.507930;
y1(7401) = 9.271012; y2(7401) = 0.702880; y3(7401) = 0.559313; y4(7401) = 0.511210;
y1(7501) = 9.362980; y2(7501) = 0.714320; y3(7501) = 0.555868; y4(7501) = 0.511360;
y1(7601) = 9.472281; y2(7601) = 0.723590; y3(7601) = 0.558960; y4(7601) = 0.515660;
y1(7701) = 9.601299; y2(7701) = 0.735060; y3(7701) = 0.561263; y4(7701) = 0.516070;
y1(7801) = 9.744231; y2(7801) = 0.745240; y3(7801) = 0.564606; y4(7801) = 0.517310;
y1(7901) = 9.906931; y2(7901) = 0.757080; y3(7901) = 0.572060; y4(7901) = 0.517990;
y1(8001) = 10.081342; y2(8001) = 0.768230; y3(8001) = 0.570667; y4(8001) = 0.519780;
y1(8101) = 10.278221; y2(8101) = 0.777690; y3(8101) = 0.571546; y4(8101) = 0.524230;
y1(8201) = 10.578500; y2(8201) = 0.788330; y3(8201) = 0.625970; y4(8201) = 0.629710;
y1(8301) = 10.707180; y2(8301) = 0.798600; y3(8301) = 0.631252; y4(8301) = 0.630250;
y1(8401) = 10.804192; y2(8401) = 0.808870; y3(8401) = 0.629950; y4(8401) = 0.635650;
y1(8501) = 10.904372; y2(8501) = 0.820080; y3(8501) = 0.638576; y4(8501) = 0.642270;
y1(8601) = 11.004719; y2(8601) = 0.830920; y3(8601) = 0.644343; y4(8601) = 0.643590;
y1(8701) = 11.124882; y2(8701) = 0.839910; y3(8701) = 0.644798; y4(8701) = 0.650540;
y1(8801) = 11.259957; y2(8801) = 0.851850; y3(8801) = 0.656859; y4(8801) = 0.651890;
y1(8901) = 11.409071; y2(8901) = 0.861280; y3(8901) = 0.655444; y4(8901) = 0.655240;
y1(9001) = 11.582649; y2(9001) = 0.872780; y3(9001) = 0.655263; y4(9001) = 0.658500;
y1(9101) = 11.769549; y2(9101) = 0.883840; y3(9101) = 0.662849; y4(9101) = 0.659650;
y1(9201) = 11.972869; y2(9201) = 0.894000; y3(9201) = 0.662161; y4(9201) = 0.667380;
y1(9301) = 12.083380; y2(9301) = 0.905220; y3(9301) = 0.664990; y4(9301) = 0.670930;
